scan_19 to scan_19 
1 0 0 0
0 1 0 0
0 0 1 0
0 0 0 1

scan_20 to scan_19
 -0.153165  -0.987572 -0.0352511   -9.83832
  0.987855  -0.153957  0.0209681   0.351438
-0.0261347 -0.0316114   0.999158  -0.112722
         0          0          0          1

scan_21 to scan_19
  0.0119829   -0.999068  -0.0414738    -26.7118
   0.999925   0.0120845 -0.00220102     -2.3064
 0.00270016  -0.0414444    0.999137   -0.717307
          0           0           0           1

scan_22 to scan_19
-0.0933975  -0.994843 -0.0395596   -48.4336
  0.995616  -0.093528 0.00145457   -6.28366
 -0.005147 -0.0392503   0.999216   -1.27651
         0          0          0          1

scan_23 to scan_19
 -0.136621  -0.989247 -0.0522042   -64.1316
  0.990584  -0.136896 0.00170077   -9.25261
-0.00882901 -0.0514803   0.998635   -2.09755
         0          0          0          1

scan_24 to scan_19
-0.0207968  -0.998302 -0.0544203   -88.4983
  0.999676 -0.0215622   0.013515    -13.414
-0.0146655 -0.0541216   0.998427   -3.13943
         0          0          0          1

scan_25 to scan_19
 -0.109801  -0.992889 -0.0460005   -108.729
  0.993791  -0.110502  0.0129906   -16.6758
-0.0179814 -0.0442885   0.998857   -3.91839
         0          0          0          1

scan_26 to scan_19
-0.0636447  -0.995793 -0.0659366   -124.395
  0.997836 -0.0645921  0.0123343   -19.7436
-0.0165414 -0.0650089   0.997748   -4.55112
         0          0          0          1

scan_27 to scan_19
 -0.131219  -0.986839 -0.0945164    -148.22
  0.988786  -0.137141  0.0591209   -23.9911
-0.0713048 -0.0856987   0.993766   -5.87896
         0          0          0          1

scan_28 to scan_28 
1 0 0 0
0 1 0 0
0 0 1 0
0 0 0 1

scan_29 to scan_28
   0.998608   0.0405555  -0.0337296   -0.122493
 -0.0409059    0.999116 -0.00976466      6.3934
  0.0333038   0.0111308    0.999383   0.0466719
          0           0           0           1

scan_30 to scan_28
     0.9988  -0.0481832 -0.00877232    0.506834
  0.0480578    0.998747  -0.0139876      14.106
 0.00943532   0.0135493    0.999864   0.0892883
          0           0           0           1

scan_31 to scan_28
   0.999839   0.0176732 -0.00323148    0.657577
  -0.017656    0.999831  0.00527068      22.854
  0.0033241 -0.00521276    0.999981    0.166867
          0           0           0           1

scan_32 to scan_28
   0.997115   -0.074691   -0.013625    0.505217
  0.0746299    0.997199 -0.00493489     29.4878
  0.0139554  0.00390382    0.999895    0.169524
          0           0           0           1

scan_33 to scan_28
    0.999375   -0.0348684   -0.0060686     0.724888
   0.0348707     0.999392  0.000276917      36.3559
  0.00605528 -0.000488354     0.999982     0.203662
           0            0            0            1

scan_34 to scan_28
   0.995063    0.096573  -0.0229426    0.562922
 -0.0967682    0.995279 -0.00755673     41.5108
  0.0221045  0.00973952    0.999709    0.211386
          0           0           0           1

scan_35 to scan_28
   0.997322   0.0675292  -0.0281225     0.50878
 -0.0676781    0.997698 -0.00438116     45.8948
  0.0277619   0.0062727    0.999595    0.221198
          0           0           0           1

scan_36 to scan_28
    0.99021     0.13643  -0.0295593    0.239043
  -0.136621    0.990614 -0.00451429     51.3928
  0.0286659   0.0085085    0.999553    0.237425
          0           0           0           1

scan_37 to scan_28
   0.991932    0.123428  -0.0289623    0.208182
  -0.123612     0.99232 -0.00463938     57.7242
  0.0281672  0.00818202     0.99957    0.266498
          0           0           0           1

scan_38 to scan_28
    0.997738    0.0629045    -0.023766      1.87784
  -0.0628672      0.99802   0.00231326      65.3016
   0.0238644 -0.000813922     0.999715     0.316953
           0            0            0            1

scan_39 to scan_28
    0.985349     0.164035   -0.0467223     0.541615
   -0.163821     0.986456   0.00838183       71.784
   0.0474643 -0.000604899     0.998873     0.181778
           0            0            0            1

scan_40 to scan_28
   0.99962  -0.017146 -0.0216635   0.224835
 0.0168847   0.999784 -0.0121816    79.8089
 0.0218677  0.0118111   0.999692  0.0357128
         0          0          0          1

scan_41 to scan_28
   0.988373    0.145608  -0.0438229    0.140534
  -0.146079    0.989244 -0.00773223     86.2055
  0.0422256   0.0140439     0.99901   0.0562406
          0           0           0           1

scan_42 to scan_28
  0.983317   0.181351 -0.0142557   0.425591
  -0.18071   0.982813  0.0377525    92.9125
 0.0208571 -0.0345464   0.999186  0.0679261
         0          0          0          1

scan_43 to scan_28
   0.989697    0.139321  -0.0330849    0.505964
  -0.138929    0.990206   0.0138926     103.228
  0.0346964 -0.00915294    0.999357  -0.0537086
          0           0           0           1

scan_45 to scan_45 
1 0 0 0
0 1 0 0
0 0 1 0
0 0 0 1

scan_46 to scan_45
   0.999368   0.0353261  0.00395785     3.28468
 -0.0353339    0.999374  0.00190233     30.3511
-0.00388817 -0.00204098    0.999991    0.015978
          0           0           0           1

scan_47 to scan_45
 -0.0226886   -0.999741 -0.00143804    -9.13787
   0.999741  -0.0226858 -0.00198511     44.8416
 0.00195197 -0.00148271    0.999997   0.0641268
          0           0           0           1

scan_48 to scan_45
 -0.0516715   -0.998657 -0.00360641    -35.4758
   0.998655  -0.0516549 -0.00456567     41.9054
 0.00437325 -0.00383747    0.999983  -0.0353345
          0           0           0           1

scan_49 to scan_45
   0.896365    0.443303 -0.00339977    -19.0335
  -0.443315    0.896353 -0.00480955      71.659
0.000915306  0.00581828    0.999983    0.133574
          0           0           0           1

scan_50 to scan_45
   0.446026   -0.894992  0.00693689    -63.9287
   0.895011    0.445974 -0.00786975     58.0907
 0.00394969  0.00971872    0.999945    0.522839
          0           0           0           1

scan_51 to scan_45
 -0.990075   0.138871  0.0215795    -68.673
 -0.138746  -0.990302  0.0071742    39.1814
 0.0223666 0.00410892   0.999742   0.782365
         0          0          0          1

scan_52 to scan_45
 -0.127198  -0.991494  0.0275568    -68.817
  0.991875  -0.127218 0.00104901    1.92463
0.00246563  0.0274663    0.99962   0.673995
         0          0          0          1

scan_53 to scan_45
  -0.943618   -0.330148   0.0242392    -55.8285
   0.330189   -0.943912 -0.00237202    -37.1389
  0.0236628  0.00576526    0.999704    0.370379
          0           0           0           1

scan_54 to scan_54 
1 0 0 0
0 1 0 0
0 0 1 0
0 0 0 1

scan_55 to scan_54
   0.997716  -0.0669487 -0.00897748    -3.65731
  0.0669647    0.997754  0.00149379     29.4087
 0.00885731 -0.00209155    0.999959  -0.0521046
          0           0           0           1

scan_56 to scan_54
   0.998183  -0.0599103  0.00652073    -3.76336
  0.0598853    0.998198  0.00396361     30.0655
-0.00674643 -0.00356591    0.999971    -0.14189
          0           0           0           1

scan_59 to scan_59 
1 0 0 0
0 1 0 0
0 0 1 0
0 0 0 1

scan_60 to scan_59
    0.99201   -0.124427    0.020841    -8.69911
   0.124342    0.992225  0.00533511     25.4334
 -0.0213428 -0.00270107    0.999769  -0.0981114
          0           0           0           1

scan_61 to scan_59
   0.995261  -0.0956243  -0.0176413    -13.7549
  0.0957678    0.995376  0.00747689     55.8189
  0.0168447 -0.00913092    0.999816   -0.163214
          0           0           0           1

scan_62 to scan_59
  0.998835 -0.0208846  -0.043511   -18.9956
 0.0219312   0.999478   0.023719    81.9979
  0.042993 -0.0246456   0.998771  -0.100252
         0          0          0          1

scan_63 to scan_59
   0.997832  -0.0651424 -0.00933216     -29.364
  0.0651773    0.997867  0.00349597     127.897
 0.00908449 -0.00409662     0.99995   0.0294617
          0           0           0           1

scan_64 to scan_59
 -0.111083  -0.993713  0.0139562   -61.3698
  0.993553  -0.111364 -0.0212353    159.865
  0.022656  0.0115074   0.999677   0.515036
         0          0          0          1

scan_65 to scan_59
   -0.151582    -0.988441   0.00246298     -93.8518
     0.98829    -0.151602   -0.0172832      152.827
   0.0174569 -0.000185638     0.999848     0.756798
           0            0            0            1

scan_66 to scan_59
 -0.130915  -0.991285  0.0146652   -124.556
  0.991066  -0.131237 -0.0237873    145.715
 0.0255046  0.0114201    0.99961    1.03415
         0          0          0          1

scan_67 to scan_59
-0.0189035  -0.999757  0.0113477   -145.795
   0.99955 -0.0191618 -0.0231048    140.809
 0.0233166  0.0109058   0.999669    1.33352
         0          0          0          1

scan_68 to scan_59
-0.0999163  -0.994982 0.00512286   -164.572
  0.994772  -0.100002 -0.0206768    136.864
 0.0210854 0.00303017   0.999774    1.41214
         0          0          0          1

scan_69 to scan_59
-0.0408827  -0.999081  0.0128735   -196.087
  0.997656 -0.0415251 -0.0543804     129.47
 0.0548651  0.0106201   0.998438    1.66412
         0          0          0          1

scan_70 to scan_59
 -0.0709006   -0.997483 0.000399647    -219.739
   0.996942  -0.0708754   -0.032887     123.787
  0.0328326 -0.00193324    0.999459     1.86309
          0           0           0           1

scan_71 to scan_59
 -0.279114  -0.959579 -0.0360881   -238.573
  0.959276  -0.276934 -0.0556362    121.204
 0.0433933 -0.0501473   0.997799    1.85294
         0          0          0          1

scan_72 to scan_59
  -0.98695    0.16019 -0.0163995   -229.754
 -0.159729  -0.986809 -0.0263322    97.5475
-0.0204013 -0.0233691   0.999519    1.90149
         0          0          0          1

scan_73 to scan_59
  -0.985435    0.170046 -0.00120631    -223.527
  -0.169966   -0.985147  -0.0244128     68.9722
-0.00533963  -0.0238522    0.999701     1.50116
          0           0           0           1

scan_74 to scan_59
 -0.976482   0.214742  0.0192043   -216.589
 -0.215185  -0.976251 -0.0250701    39.3525
 0.0133646  -0.028613   0.999501    0.39917
         0          0          0          1

scan_75 to scan_59
 -0.979778   0.199145   0.019418   -210.494
  -0.19968  -0.979362 -0.0312667     14.016
 0.0127907 -0.0345119   0.999323  -0.519045
         0          0          0          1

scan_76 to scan_59
 -0.996035  0.0861762  0.0220799   -205.203
-0.0867427  -0.995888 -0.0261258   -7.72378
 0.0197378 -0.0279375   0.999415   -1.13031
         0          0          0          1

scan_77 to scan_59
 -0.983061   0.181785 -0.0233432   -196.528
 -0.181115  -0.983058 -0.0281979   -41.8755
-0.0280736 -0.0234925    0.99933   -2.26081
         0          0          0          1

scan_78 to scan_59
 -0.990185   0.136509  0.0299831   -185.854
 -0.137649  -0.989674 -0.0399837   -84.4495
 0.0242154 -0.0437184   0.998751    -3.6429
         0          0          0          1

scan_79 to scan_59
 -0.992297  -0.111365  0.0542594   -178.147
  0.108591  -0.992744 -0.0516512   -119.301
  0.059618 -0.0453612    0.99719   -5.33099
         0          0          0          1

scan_80 to scan_59
 0.0995565    0.99235  0.0730007   -164.643
 -0.994019   0.102496 -0.0376867   -117.235
-0.0448808 -0.0688122    0.99662   -6.38292
         0          0          0          1

scan_81 to scan_59
  0.137592   0.987202  0.0806305   -146.712
 -0.989858   0.139954 -0.0243849   -112.044
-0.0353573 -0.0764577   0.996446   -7.69507
         0          0          0          1

scan_82 to scan_59
    0.15944    0.984484   0.0732759    -123.216
  -0.987056    0.160276 -0.00563443    -105.581
 -0.0172914  -0.0714292    0.997296    -9.43946
          0           0           0           1

scan_83 to scan_59
  0.120714   0.989251  0.0825286   -104.689
 -0.992666   0.120847 0.00339649   -100.949
-0.00661339 -0.0823334   0.996583   -10.7684
         0          0          0          1

