scan_19 to scan_19 
1 0 0 0
0 1 0 0
0 0 1 0
0 0 0 1

scan_20 to scan_19
 -0.153902  -0.986644 -0.0533607   -9.57574
  0.987559   -0.15536  0.0243208   0.357934
 -0.032286 -0.0489538   0.998279   0.625199
         0          0          0          1

scan_21 to scan_19
0.00938581  -0.997151 -0.0748505   -26.3092
  0.999955 0.00927123 0.00187822   -2.33128
-0.00117892 -0.0748648   0.997193  -0.159101
         0          0          0          1

scan_22 to scan_19
-0.0976924  -0.991554 -0.0853049   -48.0111
  0.995143 -0.0983654 0.00371159   -6.39479
-0.0120713  -0.084528   0.996348   -1.42857
         0          0          0          1

scan_23 to scan_19
 -0.14367 -0.975857 -0.164504  -63.0476
 0.989556  -0.13969 -0.035573  -9.09142
0.0117347 -0.167896  0.985735   -3.1361
        0         0         0         1

scan_24 to scan_19
-0.0250483   -0.98622  -0.163532   -87.1327
  0.999344 -0.0204212 -0.0299151   -13.3096
 0.0261634  -0.164174   0.986084   -7.01724
         0          0          0          1

scan_25 to scan_19
 -0.116563  -0.981727  -0.150417   -107.229
  0.993046  -0.112688 -0.0340587   -16.5156
 0.0164861  -0.153341   0.988036    -10.021
         0          0          0          1

scan_26 to scan_19
-0.0717613   -0.98215  -0.173877   -122.708
  0.996838 -0.0646597 -0.0461764   -19.5064
 0.0341093  -0.176641   0.983684   -12.2399
         0          0          0          1

scan_27 to scan_19
 -0.135136   -0.93283  -0.334016   -144.942
  0.990721  -0.122291 -0.0592966   -23.0962
 0.0144667   -0.33893     0.9407    -17.492
         0          0          0          1

scan_28 to scan_28 
1 0 0 0
0 1 0 0
0 0 1 0
0 0 0 1

scan_29 to scan_28
   0.998701   0.0423626  -0.0283075   -0.192791
 -0.0424757    0.999092 -0.00340823      6.1943
  0.0281374  0.00460618    0.999593    0.212928
          0           0           0           1

scan_30 to scan_28
   0.998896  -0.0469792 0.000546163    0.422766
   0.046982    0.998866  -0.0076423     13.8351
-0.000186512  0.00765952    0.999971    0.328193
          0           0           0           1

scan_31 to scan_28
   0.999773   0.0183393   0.0108475    0.527055
 -0.0184202    0.999803  0.00740152     22.5809
 -0.0107097 -0.00759965    0.999914     0.61938
          0           0           0           1

scan_32 to scan_28
    0.997272   -0.0737789  -0.00239782     0.364129
   0.0737773     0.997274 -0.000737839       29.136
  0.00244573  0.000558922     0.999997      1.05365
           0            0            0            1

scan_33 to scan_28
   0.999446  -0.0332822 0.000622452    0.603389
  0.0332768    0.999419  0.00730278     35.9282
-0.000865138 -0.00727802    0.999973     1.30357
          0           0           0           1

scan_34 to scan_28
   0.994992    0.099054  -0.0133949    0.390234
 -0.0990093    0.995078  0.00395349     41.0622
  0.0137206 -0.00260747    0.999902     1.55862
          0           0           0           1

scan_35 to scan_28
   0.997321   0.0702773  -0.0202859    0.353225
 -0.0700863    0.997491  0.00997752     45.3949
  0.0209362 -0.00852903    0.999744     1.74128
          0           0           0           1

scan_36 to scan_28
  0.990004   0.139806 -0.0186021  0.0387684
 -0.139557   0.990114  0.0140572    50.8394
 0.0203835 -0.0113206   0.999728    1.81789
         0          0          0          1

scan_37 to scan_28
  0.991676   0.127775 -0.0158819  0.0128893
 -0.127578   0.991745  0.0128254    57.1622
 0.0173896 -0.0106925   0.999792    1.84811
         0          0          0          1

scan_38 to scan_28
  0.997752  0.0662717 -0.0099857     1.7126
-0.0661069   0.997684  0.0160112    64.7468
 0.0110237 -0.0153151   0.999822    1.96607
         0          0          0          1

scan_39 to scan_28
  0.985356   0.167736 -0.0306238   0.336785
 -0.167124   0.985699  0.0215836    71.2353
 0.0338062 -0.0161496   0.999298    1.93863
         0          0          0          1

scan_40 to scan_28
   0.999906  -0.0134371 -0.00272371 -0.00487532
  0.0134338    0.999909 -0.00126678     79.3205
 0.00274049  0.00123007    0.999996     1.91797
          0           0           0           1

scan_41 to scan_28
  0.988044   0.151461 -0.0287819   0.026692
 -0.151422   0.988463 0.00355693    85.6744
 0.0289885  0.0008438   0.999579    1.72673
         0          0          0          1

scan_42 to scan_28
    0.98202    0.188775 0.000695264    0.466652
  -0.188489    0.980318   0.0587206     92.2665
  0.0104034  -0.0577959    0.998274     1.71467
          0           0           0           1

scan_43 to scan_28
  0.988878   0.145512 -0.0307672   0.719825
 -0.144968   0.989249  0.0192621    102.651
 0.0332393 -0.0145876   0.999341    1.76771
         0          0          0          1

scan_45 to scan_45 
1 0 0 0
0 1 0 0
0 0 1 0
0 0 0 1

scan_46 to scan_45
  0.999383  0.0306132  0.0171884    3.23655
-0.0302648   0.999338 -0.0201751    30.5165
-0.0177947  0.0196425   0.999649   0.628074
         0          0          0          1

scan_47 to scan_45
-0.0260009  -0.999654 0.00404252    -9.1836
  0.999303 -0.0260997 -0.0266737    44.9319
   0.02677 0.00334616   0.999636    1.47854
         0          0          0          1

scan_48 to scan_45
 -0.0562139   -0.998415 -0.00284963      -35.54
   0.997899  -0.0560923  -0.0324219     41.9422
  0.0322107 -0.00466621     0.99947      1.8051
          0           0           0           1

scan_49 to scan_45
  0.899006   0.437928 -0.0024002    -19.324
 -0.437775   0.898518 -0.0319149    71.7433
-0.0118198  0.0297424   0.999488    3.45224
         0          0          0          1

scan_50 to scan_45
   0.443238   -0.896349 -0.00985151    -63.7769
   0.895109    0.443161  -0.0488631     58.3413
  0.0481642   0.0128398    0.998757       2.359
          0           0           0           1

scan_51 to scan_45
   -0.989912     0.141676 -0.000836106      -68.494
   -0.141563    -0.989325   -0.0345589       39.484
 -0.00572335   -0.0340919     0.999402      2.04969
           0            0            0            1

scan_52 to scan_45
  -0.13173   -0.99122  0.0114083   -68.5973
  0.990279  -0.132105 -0.0435208    2.37342
 0.0446458 0.00556448   0.998987   0.848456
         0          0          0          1

scan_53 to scan_45
 -0.945755   -0.32466  0.0119127   -55.4557
  0.323646  -0.944724 -0.0524275   -36.5208
 0.0282754 -0.0457281   0.998554  -0.678069
         0          0          0          1

scan_54 to scan_54 
1 0 0 0
0 1 0 0
0 0 1 0
0 0 0 1

scan_55 to scan_54
   0.997605  -0.0685699  0.00909958    -3.90283
   0.068505    0.997624    0.007256     29.3838
-0.00957551 -0.00661525    0.999932    0.063625
          0           0           0           1

scan_56 to scan_54
  0.996634 -0.0616617  0.0540126   -3.64582
 0.0627439   0.997857 -0.0185738     26.515
-0.0527516  0.0219003   0.998367   0.447913
         0          0          0          1

scan_59 to scan_59 
1 0 0 0
0 1 0 0
0 0 1 0
0 0 0 1

scan_60 to scan_59
  0.991301  -0.128667  0.0277114   -8.58571
  0.128659   0.991687 0.00205705    24.7762
-0.0277457 0.00152617   0.999614   0.442171
         0          0          0          1

scan_61 to scan_59
   0.994105   -0.103933  -0.0308642    -13.6062
   0.104075    0.994565  0.00303645     55.1169
  0.0303809 -0.00623076    0.999519     1.14761
          0           0           0           1

scan_62 to scan_59
  0.997954 -0.0286431 -0.0571629   -19.0636
 0.0298558   0.999345  0.0204747    81.1962
  0.056539 -0.0221394   0.998155     1.3936
         0          0          0          1

scan_63 to scan_59
    0.997238   -0.0737064  -0.00910033     -30.0452
   0.0737083      0.99728 -0.000124902      127.177
  0.00908478 -0.000546213     0.999959   -0.0125435
           0            0            0            1

scan_64 to scan_59
 -0.115367  -0.992799  0.0322616   -62.3748
  0.992896  -0.116209 -0.0255574    159.376
 0.0291224  0.0290839   0.999153   0.974009
         0          0          0          1

scan_65 to scan_59
 -0.155413  -0.987779  0.0117827   -94.6873
  0.987456  -0.155676 -0.0263921    152.182
 0.0279039 0.00753325   0.999582     1.7167
         0          0          0          1

scan_66 to scan_59
 -0.135958  -0.990406  0.0247226   -125.288
  0.989061   -0.13713 -0.0543413    145.193
 0.0572102   0.017064   0.998216    2.38584
         0          0          0          1

scan_67 to scan_59
-0.0252687   -0.99954  0.0167856   -146.514
  0.997297 -0.0263637 -0.0685873     140.34
 0.0689983  0.0150071   0.997504    2.82599
         0          0          0          1

scan_68 to scan_59
  -0.109735    -0.99396 -0.00138254    -165.133
   0.991256   -0.109334  -0.0738767     136.371
  0.0732793 -0.00947732    0.997266      2.8192
          0           0           0           1

scan_69 to scan_59
-0.0524154  -0.998569  0.0105967   -196.694
  0.991375 -0.0533082  -0.119722     128.83
  0.120116 0.00423005   0.992751    2.12695
         0          0          0          1

scan_70 to scan_59
 -0.0819336   -0.996628  0.00441158    -220.413
   0.992191  -0.0819848  -0.0939987     122.836
  0.0940434 -0.00332453    0.995562      2.1837
          0           0           0           1

scan_71 to scan_59
 -0.291133  -0.955819 -0.0406377   -239.158
  0.951038  -0.284546  -0.120665    120.092
  0.103771 -0.0737776   0.991861     2.4827
         0          0          0          1

scan_72 to scan_59
 -0.983205   0.176966 -0.0446103   -229.732
 -0.171472   -0.97945  -0.106182    96.8671
-0.0624841  -0.096749   0.993345    1.67811
         0          0          0          1

scan_73 to scan_59
 -0.981175   0.188995 -0.0396941   -222.556
 -0.183482  -0.976429  -0.113672    68.8262
 -0.060242  -0.104249   0.992725  -0.583074
         0          0          0          1

scan_74 to scan_59
-0.965787  0.259098 -0.011125   -215.39
-0.255219 -0.957191  -0.13656   41.2895
-0.0460311 -0.129048  0.990569  -3.71766
        0         0         0         1

scan_75 to scan_59
 -0.970152   0.242286 -0.0100884   -208.218
 -0.238476  -0.960788  -0.141479    16.7268
-0.0439713  -0.134851    0.98989    -6.8244
         0          0          0          1

scan_76 to scan_59
 -0.991289   0.131208 -0.0113889    -201.91
 -0.128383  -0.981981  -0.138677   -4.63184
-0.0293792  -0.136007   0.990272   -9.37609
         0          0          0          1

scan_77 to scan_59
 -0.971583   0.224995 -0.0735066   -191.795
 -0.213231  -0.966797  -0.140841   -37.3083
 -0.102754  -0.121164     0.9873   -13.2443
         0          0          0          1

scan_78 to scan_59
 -0.984958    0.17192 -0.0173214   -179.166
 -0.165908  -0.968975  -0.183201   -77.8692
-0.0482799  -0.177572   0.982923   -19.0514
         0          0          0          1

scan_79 to scan_59
 -0.997394 -0.0703911  0.0158004   -170.461
 0.0657875  -0.977332  -0.201231   -111.758
 0.0296071  -0.199667   0.979416   -25.6003
         0          0          0          1

scan_80 to scan_59
   0.141023    0.989465    0.032711    -157.097
  -0.971208    0.144678    -0.18927    -108.986
  -0.192008 -0.00507792     0.98138    -25.4803
          0           0           0           1

scan_81 to scan_59
  0.175436   0.983318  0.0480266   -139.309
 -0.965575   0.181378  -0.186458    -102.86
 -0.192058 -0.0136618   0.981288   -24.9526
         0          0          0          1

scan_82 to scan_59
 0.229968  0.968175 0.0987481  -119.198
-0.952811  0.244649 -0.179717   -95.794
-0.198156 -0.052759  0.978749  -24.5196
        0         0         0         1

scan_83 to scan_59
  0.187861   0.976112   0.109148   -101.404
 -0.969294   0.202197  -0.139946   -89.7958
 -0.158672 -0.0795062   0.984125   -25.2436
         0          0          0          1

