scan_29 to scan_28
   0.999463  -0.0021877  -0.0326874    0.202604
 0.00186798     0.99995 -0.00980837   0.0515942
  0.0327073  0.00974205    0.999417  -0.0139361
          0           0           0           1

scan_30 to scan_29
   0.999699 0.000449126   0.0245348  -0.0986246
-0.000364726    0.999994 -0.00344439   0.0157701
 -0.0245362  0.00343441    0.999693   -0.050257
          0           0           0           1

scan_31 to scan_30
   0.999981 0.000710742  0.00621271  -0.0289916
-0.000809425    0.999873   0.0158959 -0.00108632
-0.00620063  -0.0159006    0.999854   0.0910642
          0           0           0           1

