scan_29 to scan_28
    0.999599 -3.73012e-05   -0.0283075     0.126317
-5.92009e-05     0.999994  -0.00340823    -0.147678
   0.0283074   0.00340854     0.999593     0.200341
           0            0            0            1

scan_30 to scan_29
   0.999579 2.85154e-05   0.0290066   -0.123591
5.87083e-05    0.999995 -0.00300617  -0.0555497
 -0.0290066  0.00300661    0.999575   0.0606479
          0           0           0           1

scan_31 to scan_30
   0.999939 0.000699168   0.0109968  -0.0880697
-0.000859065    0.999894   0.0145424  -0.0222915
 -0.0109855  -0.0145509    0.999834    0.358378
          0           0           0           1

