scan_28to scan_28 
1 0 0 0
0 1 0 0
0 0 1 0
0 0 0 1

scan_29 to scan_28
   0.998701   0.0423626  -0.0283075   -0.192791
 -0.0424757    0.999092 -0.00340823      6.1943
  0.0281374  0.00460618    0.999593    0.212928
          0           0           0           1

scan_30 to scan_28
   0.998896  -0.0469792 0.000546163    0.422766
   0.046982    0.998866  -0.0076423     13.8351
-0.000186512  0.00765952    0.999971    0.328193
          0           0           0           1

scan_31 to scan_28
   0.999773   0.0183393   0.0108475    0.527055
 -0.0184202    0.999803  0.00740152     22.5809
 -0.0107097 -0.00759965    0.999914     0.61938
          0           0           0           1

