scan_28to scan_28 
1 0 0 0
0 1 0 0
0 0 1 0
0 0 0 1

scan_29 to scan_28
   0.998657   0.0402084  -0.0326874   -0.130099
 -0.0405484    0.999129 -0.00980837     6.39268
  0.0322646   0.0111206    0.999417   0.0374144
          0           0           0           1

scan_30 to scan_28
   0.998777   -0.048737 -0.00831408    0.503169
  0.0486155    0.998716  -0.0142416     14.1048
 0.00899751     0.01382    0.999864   0.0998054
          0           0           0           1

scan_31 to scan_28
   0.999856   0.0167364 -0.00288247     0.65046
 -0.0167308    0.999858  0.00193798     22.8765
 0.00291451 -0.00188948    0.999994    0.174084
          0           0           0           1

