scan_1 to scan_1
1 0 0 0
0 1 0 0
0 0 1 0
0 0 0 1

scan_2 to scan_1
     0.9999 0.000795747    -0.01412   0.0300631
-0.000776489    0.999999  0.00136928  0.00705154
   0.014121 -0.00135817    0.999899  -0.0366224
          0           0           0           1

scan_3 to scan_2
   0.999981 -0.00320561  -0.0053078   -0.114585
 0.00317444    0.999978  -0.0058721    0.134158
  0.0053265  0.00585514    0.999969   0.0748404
          0           0           0           1

scan_4 to scan_3
   0.999988 0.000159767  0.00482738  -0.0243611
-0.000180814     0.99999  0.00435985   0.0932142
-0.00482664 -0.00436067    0.999979  -0.0344947
          0           0           0           1

scan_5 to scan_1
    0.999984 -0.000455685   -0.0056723   0.00154607
 0.000396914     0.999946   -0.0103578    0.0676398
  0.00567672    0.0103554      0.99993    -0.078861
           0            0            0            1

scan_6 to scan_5
  0.999926 0.00102775  0.0120994 -0.0100228
-0.0012797   0.999782  0.0208343   0.172514
-0.0120753 -0.0208482    0.99971  -0.353701
         0          0          0          1

scan_7 to scan_6
   0.999749 -0.00488155  -0.0218745   0.0176775
 0.00453827    0.999866  -0.0157153     0.15678
  0.0219483   0.0156121    0.999637  -0.0547633
          0           0           0           1

scan_8 to scan_7
    0.999851   -0.0135513    0.0106679    0.0724498
   0.0135482     0.999908   0.00036308     0.115401
  -0.0106718 -0.000218495     0.999943    -0.108879
           0            0            0            1

scan_9 to scan_8
   0.999955 -0.00419304  0.00847492  -0.0663807
 0.00421445    0.999988  -0.0025101    0.195936
-0.00846429   0.0025457    0.999961    0.146872
          0           0           0           1

scan_10 to scan_9
   0.999938 -0.00114701   0.0110633   0.0163532
   0.001197    0.999989 -0.00451295   0.0873413
  -0.011058  0.00452591    0.999929    0.231724
          0           0           0           1

scan_11 to scan_10
   0.999394  0.00152162  -0.0347735    0.276441
-0.00167357    0.999989 -0.00434109  -0.0657973
  0.0347665  0.00439666    0.999386    0.460392
          0           0           0           1

scan_12 to scan_11
  0.997999 0.00140683  0.0632116  -0.318467
-0.000242284    0.99983 -0.0184269   0.169559
-0.0632268  0.0183747    0.99783   0.554735
         0          0          0          1

scan_13 to scan_12
    0.999475 -7.40432e-05     0.032388   -0.0434815
 9.34443e-05            1  -0.00059751    0.0426093
   -0.032388  0.000600223     0.999475     0.220589
           0            0            0            1

scan_14 to scan_13
   0.999436 0.000672431   -0.033558    0.112024
-0.00114846    0.999899  -0.0141678 -0.00598196
  0.0335451   0.0141984    0.999336    0.551098
          0           0           0           1

scan_15 to scan_14
    0.99996  0.00302758  0.00847297   0.0489855
-0.00308301    0.999974  0.00653683  -0.0413243
-0.00845296 -0.00656269    0.999943     0.17123
          0           0           0           1

scan_16 to scan_15
   0.999977 -0.00340929 -0.00582074    0.161913
 0.00350871    0.999847   0.0171559  -0.0913359
 0.00576135  -0.0171759    0.999836  -0.0954272
          0           0           0           1

scan_17 to scan_16
   0.999938 0.000698424  -0.0111567  0.00329319
-0.00065372    0.999992  0.00401005  -0.0346268
  0.0111594 -0.00400251     0.99993   0.0185629
          0           0           0           1

scan_18 to scan_17
    0.999829  -0.00171417   -0.0183893 -0.000477698
  0.00167181     0.999996  -0.00231878   0.00871191
   0.0183932   0.00228764     0.999828     0.172305
           0            0            0            1

scan_19 to scan_18
   0.999987 -0.00124814    0.004898    0.112844
 0.00123094    0.999993  0.00351247   0.0247957
-0.00490235  -0.0035064    0.999982   0.0400505
          0           0           0           1

scan_20 to scan_19
  0.999376 0.00207434 -0.0352511  0.0297374
-0.00133556   0.999779  0.0209681 -0.0396668
 0.0352868 -0.0209079   0.999158   0.243638
         0          0          0          1

scan_21 to scan_20
   0.999758  0.00197023  -0.0219341  -0.0211402
-0.00175751    0.999952  0.00971313  -0.0601266
  0.0219521 -0.00967222    0.999712    0.101746
          0           0           0           1

scan_22 to scan_21
   0.999991  0.00212727  0.00367847  -0.0350563
 -0.0021204    0.999996 -0.00187158  -0.0812708
-0.00368244  0.00186376    0.999992    0.294736
          0           0           0           1

scan_23 to scan_22
   0.999991  0.00393314  0.00142908  -0.0381853
-0.00395081    0.999913   0.0125791   -0.251655
-0.00137948  -0.0125847     0.99992 -0.00224525
          0           0           0           1

scan_24 to scan_23
    0.999928   0.00010953    0.0120076   -0.0837193
-0.000116571            1  0.000585668   0.00485609
  -0.0120076 -0.000587026     0.999928      0.23057
           0            0            0            1

scan_25 to scan_24
    0.999999  0.000696427 -0.000705716   -0.0317922
-0.000702343     0.999964  -0.00841743   -0.0424101
 0.000699829   0.00841792     0.999964     0.109804
           0            0            0            1

scan_26 to scan_25
  0.999997  0.0022159 0.00155675 -0.0846512
-0.00224647   0.999799   0.019916 -0.0264373
-0.0015123 -0.0199194   0.999801   0.364522
         0          0          0          1

scan_27 to scan_26
    0.99882 0.000430145   0.0485701   -0.215342
-0.00168006    0.999669   0.0256963  -0.0673387
 -0.0485429  -0.0257476    0.998489    0.694463
          0           0           0           1

scan_28 to scan_28
1 0 0 0
0 1 0 0
0 0 1 0
0 0 0 1

scan_29 to scan_28
    0.99943  -0.0018388  -0.0337296    0.207986
 0.00151022    0.999951 -0.00976466   0.0521907
  0.0337459  0.00970815    0.999383 -0.00413227
          0           0           0           1

scan_30 to scan_29
   0.999685 0.000651133   0.0251113   -0.107514
-0.000570911    0.999995 -0.00320173   0.0160659
 -0.0251132  0.00318639     0.99968  -0.0680618
          0           0           0           1

scan_31 to scan_30
  0.999979 0.00105653 0.00646081 -0.0345374
-0.00117892   0.999819  0.0189688 -0.0239109
-0.0064396  -0.018976   0.999799   0.123899
         0          0          0          1

scan_32 to scan_31
   0.999947 -0.00131313  -0.0102119   0.0262258
 0.00120705    0.999945  -0.0103871  0.00966474
   0.010225   0.0103742    0.999894  -0.0276393
          0           0           0           1

scan_33 to scan_32
   0.999968 -0.00145053   0.0079247   0.0241602
 0.00141385    0.999988  0.00463316   -0.101322
-0.00793133  -0.0046218    0.999958   0.0349855
          0           0           0           1

scan_34 to scan_33
   0.999853 1.05284e-05  -0.0171382   0.0318795
-0.000134635    0.999974 -0.00724038   0.0644711
  0.0171377  0.00724162    0.999827  -0.0265069
          0           0           0           1

scan_35 to scan_34
    0.99998 -0.00298592 -0.00546414 6.83893e-05
 0.00300049    0.999992  0.00265923   0.0166097
 0.00545616 -0.00267557    0.999981 -0.00792053
          0           0           0           1

scan_36 to scan_35
    0.999999  0.000760256  -0.00142509   -0.0127588
-0.000760585            1 -0.000230113    0.0717276
  0.00142491  0.000231197     0.999999   -0.0006283
           0            0            0            1

scan_37 to scan_36
   0.999999 -0.00112348 0.000608745   0.0542957
  0.0011235    0.999999 -4.2324e-05  0.00814569
-0.000608698 4.30078e-05           1 0.000547418
          0           0           0           1

scan_38 to scan_37
   0.999983  0.00404845  0.00429903  0.00108176
-0.00408079    0.999963   0.0075418    0.098737
-0.00426834 -0.00755921    0.999962   0.0275393
          0           0           0           1

scan_39 to scan_38
   0.999729 0.000520607   -0.023306   0.0702521
-0.000413199     0.99999  0.00461317   0.0468979
  0.0233081 -0.00460229    0.999718  -0.0168411
          0           0           0           1

scan_40 to scan_39
  0.999604 0.00185969  0.0280991 -0.0559526
-0.0014055   0.999868 -0.0161748  0.0121239
-0.0281255  0.0161289   0.999474  -0.235268
         0          0          0          1

scan_41 to scan_40
   0.999755  0.00162582  -0.0220907   0.0527936
-0.00151969    0.999987  0.00482026   0.0109078
  0.0220982 -0.00478551    0.999744  -0.0241505
          0           0           0           1

scan_42 to scan_41
   0.999744 -0.00108286   0.0225864   -0.145292
-3.20426e-05    0.998784    0.049303   -0.113238
 -0.0226124  -0.0492911    0.998529    0.270079
          0           0           0           1

scan_43 to scan_42
  0.999882  0.0058825 -0.0141997   0.077972
-0.00626255   0.999619 -0.0268703  0.0753519
 0.0140363  0.0269561   0.999538  0.0222296
         0          0          0          1

scan_45 to scan_45
1 0 0 0
0 1 0 0
0 0 1 0
0 0 0 1

scan_46 to scan_45
   0.99999  0.0020104 0.00395785  -0.151256
-0.00201795   0.999996 0.00190233   0.029978
-0.00395401 -0.0019103   0.999991  0.0872584
         0          0          0          1

scan_47 to scan_46
   0.999985 -0.00166258 -0.00525515  -0.0538571
 0.00164117     0.99999 -0.00407564   0.0867204
 0.00526187  0.00406695    0.999978   0.0373187
          0           0           0           1

scan_48 to scan_47
   0.999989  0.00387305 -0.00253072  -0.0735364
-0.00386742     0.99999  0.00222637  -0.0600124
 0.00253932 -0.00221656    0.999994  0.00887901
          0           0           0           1

scan_49 to scan_48
           1 -0.000396943 -0.000254061    -0.019329
 0.000396894            1 -0.000193659   -0.0162187
 0.000254137  0.000193559            1   -0.0301012
           0            0            0            1

scan_50 to scan_49
   0.999917  0.00729861    0.010622    0.589887
-0.00731854    0.999972  0.00183904 -0.00997056
 -0.0106083 -0.00191662    0.999942    0.178354
          0           0           0           1

scan_51 to scan_50
     0.9998 -0.00101882   0.0199949  -0.0111818
 0.00114696    0.999979 -0.00639792   0.0373715
 -0.0199879  0.00641957     0.99978   0.0218835
          0           0           0           1

scan_52 to scan_51
    0.99998  0.00371625  -0.0050708  -0.0609025
-0.00368125     0.99997  0.00689535  -0.0786311
 0.00509627 -0.00687655    0.999963   -0.151153
          0           0           0           1

scan_53 to scan_52
   0.999995 0.000783237 -0.00297104    0.106013
-0.000772162    0.999993  0.00372684  -0.0741123
 0.00297394 -0.00372453    0.999989    0.104558
          0           0           0           1

scan_54 to scan_54
1 0 0 0
0 1 0 0
0 0 1 0
0 0 0 1

scan_55 to scan_54
   0.999942  0.00601299 -0.00897748   -0.106951
-0.00599981    0.999981  0.00149379   -0.120123
 0.00898629 -0.00143984    0.999959   0.0238817
          0           0           0           1

scan_56 to scan_55
   0.999877  -0.0013939   0.0156283  -0.0556853
 0.00137177    0.999998  0.00142666  -0.0083334
 -0.0156303 -0.00140504    0.999877  -0.0869998
          0           0           0           1

scan_59 to scan_59
1 0 0 0
0 1 0 0
0 0 1 0
0 0 0 1

scan_60 to scan_59
    0.999783 -0.000107897     0.020841   -0.0432246
-3.29383e-06     0.999986   0.00533511    -0.168272
  -0.0208413  -0.00533402     0.999769    -0.141931
           0            0            0            1

scan_61 to scan_60
    0.999281 -0.000411699   -0.0379095   -0.0339738
 0.000674251     0.999976   0.00691323   -0.0259092
   0.0379057  -0.00693382     0.999257     0.250367
           0            0            0            1

scan_62 to scan_61
   0.999706 0.000813178  -0.0242093    0.037812
-0.000361632    0.999826   0.0186503  -0.0718848
  0.0242203  -0.0186361    0.999533    0.914536
          0           0           0           1

scan_63 to scan_62
  0.999428 0.00211487  0.0337462 -0.0517989
-0.00140805   0.999779 -0.0209553  -0.394863
-0.0337831  0.0208958   0.999211     0.3807
         0          0          0          1

scan_64 to scan_63
   0.999763 -0.00254344   0.0216235  -0.0160821
 0.00310971    0.999652  -0.0261945   -0.280689
 -0.0215493   0.0262555    0.999423   -0.647494
          0           0           0           1

scan_65 to scan_64
   0.999981 -0.00317749  0.00520719    0.176962
 0.00312015    0.999935   0.0109828   -0.155724
-0.00524175  -0.0109663    0.999926    0.284164
          0           0           0           1

scan_66 to scan_65
   0.999964    0.001895 -0.00828169 -0.00275057
-0.00198667    0.999937  -0.0110751    0.198115
 0.00826018   0.0110911    0.999904 -0.00169225
          0           0           0           1

scan_67 to scan_66
   0.999999 0.000678613   0.0011122 -0.00422375
-0.000682168    0.999995   0.0031997   0.0230626
-0.00111003 -0.00320046    0.999994     0.17155
          0           0           0           1

scan_68 to scan_67
   0.999995 -0.00198978  0.00254699  0.00280181
 0.00197402    0.999979   0.0061779   -0.186029
-0.00255923 -0.00617284    0.999978   0.0651125
          0           0           0           1

scan_69 to scan_68
    0.99941 -0.00070723    -0.03433    0.264044
0.000558376    0.999991 -0.00434534   -0.160211
  0.0343328  0.00432361    0.999401    0.256491
          0           0           0           1

scan_70 to scan_69
   0.999756 -0.00187643   0.0220091    -0.11212
 0.00162182    0.999932   0.0115807    -0.18562
 -0.0220293  -0.0115422     0.99969    0.381044
          0           0           0           1

scan_71 to scan_70
    0.99979 -0.00381624  -0.0201471     0.24686
 0.00458023    0.999267   0.0380115   -0.216003
  0.0199873  -0.0380958    0.999074    0.827212
          0           0           0           1

scan_72 to scan_71
   0.999736 -0.00370751   0.0226899  -0.0387876
 0.00432202    0.999624  -0.0270943   0.0352155
 -0.0225809   0.0271852    0.999375    0.528986
          0           0           0           1

scan_73 to scan_72
    0.999857  -0.00713322   -0.0153052     0.110968
  0.00714225     0.999975  0.000535415    -0.263492
    0.015301 -0.000644652     0.999883     0.291758
           0            0            0            1

scan_74 to scan_73
   0.999666  -0.0163752  -0.0200005    0.232452
  0.0164608    0.999856  0.00412313   -0.683505
  0.0199301 -0.00445098    0.999792     -0.2182
          0           0           0           1

scan_75 to scan_74
   0.999952  0.00971052  0.00112233    -0.48951
-0.00971719    0.999934  0.00610045  0.00682103
-0.00106301 -0.00611107    0.999981 -0.00655227
          0           0           0           1

scan_76 to scan_75
   0.999991  0.00227355 -0.00363345   -0.119136
-0.00228992    0.999987 -0.00450795   0.0883448
 0.00362315  0.00451623    0.999983   0.0738491
          0           0           0           1

scan_77 to scan_76
   0.998956 -0.00493367   0.0454211  -0.0541538
  0.0050228    0.999986 -0.00184845   -0.274479
 -0.0454113  0.00207466    0.998966   -0.367672
          0           0           0           1

scan_78 to scan_77
  0.998717 0.00614002 -0.0502722  -0.298471
-0.00507458   0.999761  0.0212937  -0.408539
 0.0503909 -0.0210112   0.998509   0.636613
         0          0          0          1

scan_79 to scan_78
   0.999738 -0.00436535  -0.0224699    0.486157
  0.0047015    0.999877   0.0149292   -0.293812
  0.0224019  -0.0150309    0.999636    0.550472
          0           0           0           1

scan_80 to scan_79
    0.999853 -9.35025e-05   -0.0171145     0.015171
-0.000179073     0.999873   -0.0159244     0.325407
   0.0171138    0.0159251     0.999727    -0.135109
           0            0            0            1

scan_81 to scan_80
    0.999922 -0.000898195   -0.0124549    0.0168021
  0.00100967      0.99996   0.00894682    -0.206586
   0.0124464  -0.00895869     0.999882    0.0138026
           0            0            0            1

scan_82 to scan_81
   0.999805  0.00238831  -0.0196022    0.306604
-0.00248091    0.999986 -0.00470126   -0.309053
  0.0195907  0.00474898    0.999797  -0.0498577
          0           0           0           1

scan_83 to scan_82
   0.999966  -0.0036933 -0.00742645    0.144803
 0.00377197    0.999937   0.0106075   -0.228622
 0.00738681  -0.0106351    0.999916    0.223865
          0           0           0           1
