scan_1 to scan_1
    -0.46347     0.886113 -1.71083e-07     -230.317
   -0.886113     -0.46347 -1.03589e-07      438.186
-1.71083e-07  1.03589e-07            1            0
           0            0            0            1

scan_2 to scan_1
    0.99985 0.000434368  -0.0173373    0.061143
-0.000381074    0.999996  0.00307716 -0.00791653
  0.0173385 -0.00307009    0.999845  -0.0340424
          0           0           0           1

scan_3 to scan_2
   0.999987 -0.00185153 -0.00481931  -0.0605228
 0.00182363    0.999982 -0.00578588    0.114154
 0.00482994  0.00577702    0.999972   0.0777582
          0           0           0           1

scan_4 to scan_3
    0.999943 -9.26959e-05    0.0107089   -0.0704213
  1.1133e-05     0.999971    0.0076162     0.107871
  -0.0107093  -0.00761564     0.999914   -0.0249845
           0            0            0            1

scan_5 to scan_1
    0.999985 -4.52422e-05  -0.00552629   0.00375978
-2.16234e-05     0.999927   -0.0120989    0.0857053
  0.00552643    0.0120988     0.999911    -0.065136
           0            0            0            1

scan_6 to scan_5
    0.999938 -2.97323e-05    0.0111599   -0.0192746
-0.000136205     0.999889    0.0148679     0.197933
  -0.0111592   -0.0148685     0.999827    -0.230256
           0            0            0            1

scan_7 to scan_6
   0.999675 -0.00472994  -0.0250607   0.0388911
 0.00427909    0.999829  -0.0180133    0.168663
  0.0251417   0.0179002    0.999523  -0.0122754
          0           0           0           1

scan_8 to scan_7
    0.999783   -0.0131801    0.0161004    0.0556978
   0.0132031     0.999912  -0.00131868     0.167467
  -0.0160816   0.00153097      0.99987 -0.000855897
           0            0            0            1

scan_9 to scan_8
   0.999939   -0.001932   0.0108449  -0.0300627
 0.00195302    0.999996 -0.00192792    0.143494
 -0.0108411  0.00194898    0.999939    0.175279
          0           0           0           1

scan_10 to scan_9
   0.999903 0.000168356   0.0139254  -0.0246486
-0.000102343    0.999989 -0.00474108   0.0684612
 -0.0139261  0.00473919    0.999892    0.296694
          0           0           0           1

scan_11 to scan_10
   0.999415   0.0013878  -0.0341807    0.236283
 -0.0016296    0.999974 -0.00704738  -0.0124028
    0.03417  0.00709896    0.999391     0.55266
          0           0           0           1

scan_12 to scan_11
  0.997831 0.00112161  0.0658186  -0.330171
9.5689e-05   0.999829 -0.0184887   0.158341
-0.0658281  0.0184548    0.99766   0.556996
         0          0          0          1

scan_13 to scan_12
   0.999322 3.79511e-06   0.0368187  -0.0770096
4.97528e-05    0.999999 -0.00145346    0.056747
 -0.0368187  0.00145431    0.999321    0.388417
          0           0           0           1

scan_14 to scan_13
   0.999507 0.000520371  -0.0313932   0.0807576
-0.000971831    0.999896  -0.0143673   0.0065936
  0.0313824   0.0143907    0.999404    0.549083
          0           0           0           1

scan_15 to scan_14
   0.999973  0.00192347  0.00711419   0.0813385
-0.00196207    0.999984  0.00542298  -0.0158822
-0.00710364 -0.00543679     0.99996    0.116343
          0           0           0           1

scan_16 to scan_15
   0.999956 -0.00417164 -0.00844321    0.180291
 0.00434622    0.999775   0.0207663  -0.0663418
 0.00835468  -0.0208021    0.999749   -0.064507
          0           0           0           1

scan_17 to scan_16
   0.999924  0.00196127  -0.0121784   0.0137519
-0.00186569    0.999967  0.00785451   0.0345646
  0.0121934 -0.00783119    0.999895   0.0535761
          0           0           0           1

scan_18 to scan_17
   0.999779 -0.00111662  -0.0210061   0.0271018
 0.00105714    0.999996  -0.0028425 -0.00416199
  0.0210092  0.00281966    0.999775    0.142767
          0           0           0           1

scan_19 to scan_18
   0.999944 -0.00153814   0.0104718   0.0295306
 0.00148384    0.999985  0.00519041   -0.107004
 -0.0104797 -0.00517457    0.999932   0.0897474
          0           0           0           1

scan_20 to scan_19
  0.999315 0.00221304 -0.0369464  0.0529393
-0.00145634   0.999789  0.0204953 -0.0321829
  0.036984 -0.0204275   0.999107   0.236076
         0          0          0          1

scan_21 to scan_20
   0.999788 0.000487117  -0.0206195 -0.00256023
-0.000285879    0.999952  0.00976143  -0.0378174
  0.0206233 -0.00975346     0.99974    0.163152
          0           0           0           1

scan_22 to scan_21
   0.999993 -0.00144314  0.00349259   -0.025426
 0.00146366    0.999982 -0.00588049   0.0179899
-0.00348404  0.00588556    0.999977    0.213539
          0           0           0           1

scan_23 to scan_22
    0.999996   0.00258199  0.000604173   -0.0217105
  -0.0025825     0.999996  0.000853781   -0.0959384
-0.000601967 -0.000855339            1    0.0260475
           0            0            0            1

scan_24 to scan_23
    0.999941 -0.000100948    0.0108479    -0.066979
 8.22678e-05     0.999998   0.00172248    -0.010109
  -0.0108481  -0.00172149      0.99994     0.307393
           0            0            0            1

scan_25 to scan_24
           1  0.000122929 -0.000773486   -0.0205583
-0.000128313     0.999976  -0.00696496   -0.0337913
 0.000772611   0.00696506     0.999975     0.110188
           0            0            0            1

scan_26 to scan_25
  0.999996  0.0019388 0.00235493  -0.083549
-0.00197998   0.999843  0.0176142 -0.0110198
-0.0023204 -0.0176188   0.999842   0.332708
         0          0          0          1

scan_27 to scan_26
    0.999259 -0.000307352    0.0384989    -0.120704
-0.000223609     0.999905    0.0137865   -0.0435001
  -0.0384995   -0.0137849     0.999164     0.658757
           0            0            0            1

scan_28 to scan_28
 0.340511 -0.940241         0  -252.666
 0.940241  0.340511         0    395.79
       -0         0         1         0
        0         0         0         1

scan_29 to scan_28
   0.999455 -0.00113851  -0.0329828    0.199828
0.000798531    0.999946   -0.010319   0.0565482
  0.0329928   0.0102871    0.999403 -0.00451717
          0           0           0           1

scan_30 to scan_29
    0.99966  0.00100618   0.0260728   -0.116488
-0.000902001    0.999992 -0.00400729   0.0180032
 -0.0260766  0.00398241    0.999652  -0.0637527
          0           0           0           1

scan_31 to scan_30
   0.999971 0.000906921  0.00763956  -0.0371754
-0.00104899    0.999827   0.0186134  -0.0258431
-0.00762135  -0.0186208    0.999797    0.128287
          0           0           0           1

scan_32 to scan_31
   0.999951  -0.0012925 -0.00980041    0.022248
 0.00119216    0.999947  -0.0102374  0.00614377
 0.00981313   0.0102252      0.9999  -0.0285843
          0           0           0           1

scan_33 to scan_32
   0.999978 -0.00116766  0.00644778   0.0426951
 0.00114015     0.99999  0.00426863   -0.101874
-0.00645271 -0.00426118     0.99997   0.0381825
          0           0           0           1

scan_34 to scan_33
    0.999871 -3.13751e-05   -0.0160409    0.0224187
-9.18981e-05      0.99997  -0.00768411    0.0563719
   0.0160407    0.0076846     0.999842   -0.0235618
           0            0            0            1

scan_35 to scan_34
   0.999983 -0.00223869 -0.00537819   0.0153299
  0.0022502    0.999995  0.00213433  0.00259595
 0.00537338  -0.0021464    0.999983  -0.0108888
          0           0           0           1

scan_36 to scan_35
    0.999999  0.000844112  -0.00105192  -0.00982644
-0.000844059            1  5.14166e-05    0.0505262
  0.00105196 -5.05287e-05            1 -0.000848375
           0            0            0            1

scan_37 to scan_36
    0.999999 -0.000768688  0.000805669    0.0521036
 0.000768926            1 -0.000295974   0.00652664
-0.000805442  0.000296593            1  -0.00203096
           0            0            0            1

scan_38 to scan_37
   0.999985  0.00302076  0.00464742   0.0082975
-0.00303794    0.999989  0.00369416    0.115096
-0.00463621 -0.00370823    0.999982  0.00597994
          0           0           0           1

scan_39 to scan_38
   0.999714 0.000989569  -0.0239095   0.0976152
-0.000889512    0.999991  0.00419513   0.0470505
  0.0239134 -0.00417266    0.999706  -0.0184008
          0           0           0           1

scan_40 to scan_39
   0.999537  0.00123262   0.0304029   -0.073641
-0.000752656    0.999875  -0.0157932 -0.00478783
 -0.0304186   0.0157631    0.999413   -0.214453
          0           0           0           1

scan_41 to scan_40
    0.99981 0.000947754  -0.0194564   0.0132171
-0.000886374    0.999995  0.00316311  0.00455498
  0.0194593 -0.00314526    0.999806  -0.0448388
          0           0           0           1

scan_42 to scan_41
   0.999736 -0.00142772   0.0229484   -0.146819
0.000198793     0.99857   0.0534653   -0.143863
 -0.0229919  -0.0534466    0.998306    0.202834
          0           0           0           1

scan_43 to scan_42
  0.999869 0.00401268 -0.0156968  0.0979695
-0.00451433   0.999476 -0.0320549  0.0972019
   0.01556  0.0321216   0.999363  0.0348782
         0          0          0          1

scan_45 to scan_45
1 0 0 0
0 1 0 0
0 0 1 0
0 0 0 1

scan_46 to scan_45
   0.999995  0.00163817  0.00263665   -0.123781
-0.00164272    0.999997  0.00172413  0.00662076
-0.00263382 -0.00172845    0.999995   0.0640336
          0           0           0           1

scan_47 to scan_46
   0.999987 -0.00118218 -0.00493592  -0.0364768
 0.00116184    0.999991 -0.00412211   0.0659433
 0.00494074  0.00411632    0.999979   0.0272901
          0           0           0           1

scan_48 to scan_47
   0.999993  0.00339633 -0.00144789  -0.0702277
-0.00339451    0.999994  0.00125535    -0.03021
 0.00145215 -0.00125042    0.999998  0.00328324
          0           0           0           1

scan_49 to scan_48
    0.999999 -0.000981723  0.000309266   -0.0087689
 0.000981901     0.999999 -0.000575827   -0.0451132
  -0.0003087   0.00057613            1  -0.00190749
           0            0            0            1

scan_50 to scan_49
   0.999918  0.00667239   0.0109799    0.478894
 -0.0066552    0.999977 -0.00160196   0.0204543
 -0.0109904  0.00152876    0.999939     0.26293
          0           0           0           1

scan_51 to scan_50
   0.999903 -0.00112971   0.0138963   0.0415673
 0.00115328    0.999998 -0.00168841   0.0111192
 -0.0138944  0.00170427    0.999902  -0.0605423
          0           0           0           1

scan_52 to scan_51
   0.999971  0.00383825 -0.00652267  -0.0495316
 -0.0038129    0.999985  0.00389547   -0.101327
 0.00653752 -0.00387049    0.999971   -0.251451
          0           0           0           1

scan_53 to scan_52
   0.999999 0.000101808 -0.00107573    0.079457
-9.93686e-05    0.999997  0.00226743  -0.0382466
 0.00107596 -0.00226732    0.999997    0.084965
          0           0           0           1

scan_54 to scan_54
   -0.880302    -0.474414 -1.93923e-07     -235.093
    0.474414    -0.880302  4.89281e-08      292.318
-1.93923e-07 -4.89281e-08            1            0
           0            0            0            1

scan_55 to scan_54
   0.999945  0.00440013 -0.00950334  -0.0752109
-0.00437659    0.999987   0.0024968  -0.0705602
 0.00951421 -0.00245507    0.999952   0.0474333
          0           0           0           1

scan_56 to scan_55
   0.999985 -0.00060861  0.00550221    0.102374
0.000601596    0.999999  0.00127632 -0.00715094
-0.00550298 -0.00127299    0.999984 -0.00277287
          0           0           0           1

scan_59 to scan_59
   -0.833689    -0.552234 -1.91504e-07     -263.486
    0.552234    -0.833689  5.76734e-08      223.747
-1.91504e-07 -5.76734e-08            1            0
           0            0            0            1

scan_60 to scan_59
     0.99988 -0.000222068    0.0155145   0.00932218
 0.000122696      0.99998   0.00640582    -0.123599
  -0.0155156  -0.00640314     0.999859    0.0438507
           0            0            0            1

scan_61 to scan_60
  0.999044 0.00168584 -0.0436802  0.0216106
-0.00122861   0.999944  0.0104924 -0.0862324
 0.0436955 -0.0104287    0.99899   0.383595
         0          0          0          1

scan_62 to scan_61
   0.999717 5.10706e-05  -0.0237797   0.0603112
0.000389768    0.999828   0.0185334  -0.0818906
  0.0237766  -0.0185374    0.999546    0.895811
          0           0           0           1

scan_63 to scan_62
    0.999107 -0.000800544    0.0422562   -0.0760326
 0.000804445            1  -7.5319e-05    -0.296605
  -0.0422561  0.000109244     0.999107      0.22129
           0            0            0            1

scan_64 to scan_63
   0.999691 -0.00258916   0.0247137  -0.0355963
 0.00318182    0.999708  -0.0239719   0.0119581
 -0.0246444   0.0240431    0.999407   -0.676676
          0           0           0           1

scan_65 to scan_64
    0.999993 -0.000202955   0.00371876    0.0766637
 0.000183754     0.999987    0.0051628  0.000772502
 -0.00371976  -0.00516208      0.99998      0.25289
           0            0            0            1

scan_66 to scan_65
   0.999991 0.000504859 -0.00436501 -0.00530066
-0.000511273    0.999999 -0.00146839   0.0387363
 0.00436426   0.0014706    0.999989   -0.068277
          0           0           0           1

scan_67 to scan_66
           1  0.000353999  0.000744287   0.00443342
-0.000354383            1  0.000516094    0.0172616
-0.000744104 -0.000516358            1    0.0571642
           0            0            0            1

scan_68 to scan_67
   0.999992 -0.00228076  0.00324649  0.00262602
 0.00226545    0.999986   0.0047114   -0.152831
-0.00325719 -0.00470401    0.999984    0.118565
          0           0           0           1

scan_69 to scan_68
    0.999978  -0.00116606    -0.006587   -0.0690155
   0.0011668     0.999999   0.00010863    -0.157317
  0.00658687 -0.000116313     0.999978    -0.112317
           0            0            0            1

scan_70 to scan_69
   0.999741 -0.00200997   0.0226651   -0.139355
 0.00174972    0.999932   0.0114964   -0.169424
 -0.0226867  -0.0114537    0.999677     0.39224
          0           0           0           1

scan_71 to scan_70
   0.999773 -0.00334375  -0.0210664    0.229335
 0.00431576     0.99892    0.046265   -0.241021
  0.0208889  -0.0463454    0.998707     1.05227
          0           0           0           1

scan_72 to scan_71
   0.999736 -0.00270474   0.0228102  -0.0552441
 0.00329242    0.999663  -0.0257661   0.0432389
 -0.0227328   0.0258344    0.999408    0.594666
          0           0           0           1

scan_73 to scan_72
    0.99992 -0.00398506  -0.0120297  -0.0769872
 0.00392373    0.999979 -0.00511788    -0.10214
  0.0120499  0.00507027    0.999914    0.298228
          0           0           0           1

scan_74 to scan_73
   0.999935 -0.00413019  -0.0106293  -0.0176028
 0.00411877    0.999991 -0.00109573   -0.216585
  0.0106337  0.00105188    0.999943   0.0095914
          0           0           0           1

scan_75 to scan_74
   0.999924   0.0104928  0.00655822    -0.58664
 -0.0105057    0.999943   0.0019455    0.167968
-0.00653743 -0.00201425    0.999977   0.0439951
          0           0           0           1

scan_76 to scan_75
   0.999988  0.00186075 -0.00459072   -0.101876
-0.00188199    0.999988 -0.00462694    0.121157
 0.00458206  0.00463553    0.999979   0.0776893
          0           0           0           1

scan_77 to scan_76
   0.998838 -0.00396447   0.0480265   -0.118697
   0.004222    0.999977 -0.00526212   -0.203577
 -0.0480046  0.00545878    0.998832    -0.48702
          0           0           0           1

scan_78 to scan_77
  0.998556 0.00655464 -0.0533159  -0.282934
-0.00540208   0.999749  0.0217331  -0.302695
  0.053445 -0.0214137   0.998341   0.640365
         0          0          0          1

scan_79 to scan_78
    0.999868 -0.000279741   -0.0162206     0.110813
 0.000521389     0.999889    0.0148953    -0.115741
   0.0162146   -0.0149018     0.999757     0.779942
           0            0            0            1

scan_80 to scan_79
    0.999846 -0.000278675   -0.0175732     0.067672
 0.000135748     0.999967  -0.00813393     0.122115
   0.0175748   0.00813029     0.999813    0.0184621
           0            0            0            1

scan_81 to scan_80
    0.99998  0.00194089 -0.00601717   0.0955783
-0.00191557    0.999989  0.00421114   0.0376508
 0.00602528 -0.00419953    0.999973    0.132131
          0           0           0           1

scan_82 to scan_81
   0.999838   0.0044461  -0.0174318    0.241718
-0.00458524    0.999958 -0.00794994  -0.0389131
  0.0173957  0.00802858    0.999817    0.108695
          0           0           0           1

scan_83 to scan_82
   0.999989 -0.00183287 -0.00427352   0.0326137
 0.00186961    0.999961  0.00860995   -0.120827
 0.00425758 -0.00861785    0.999954    0.216608
          0           0           0           1

