scan_1 to scan_1
    -0.46347     0.886113 -1.71083e-07     -230.317
   -0.886113     -0.46347 -1.03589e-07      438.186
-1.71083e-07  1.03589e-07            1            0
           0            0            0            1

scan_2 to scan_1
   0.999875  0.00122041  -0.0157211   0.0511947
-0.00119041    0.999997  0.00191761   -0.102834
  0.0157234 -0.00189866    0.999875 -0.00755322
          0           0           0           1

scan_3 to scan_2
   0.999975 -0.00416164 -0.00574735   -0.159551
 0.00414243    0.999986 -0.00335033    0.139895
 0.00576121  0.00332643    0.999978  -0.0654319
          0           0           0           1

scan_4 to scan_3
  0.999942 0.00143894  -0.010648  0.0977223
-0.00122129   0.999791  0.0204189   0.245526
 0.0106752 -0.0204048   0.999735  -0.471119
         0          0          0          1

scan_5 to scan_1
    0.999974 -9.68784e-05  -0.00726801    0.0174118
  1.2134e-05     0.999932   -0.0116591    0.0775206
  0.00726865    0.0116587     0.999906    -0.103174
           0            0            0            1

scan_6 to scan_5
    0.999642 -0.000581063     0.026743    -0.227563
-0.000642661     0.998954    0.0457272   0.00405123
  -0.0267416   -0.0457281     0.998596    -0.535448
           0            0            0            1

scan_7 to scan_6
   0.999681 -0.00378976  -0.0249628   0.0664918
 0.00339007    0.999866  -0.0160344    0.162719
  0.0250202   0.0159447     0.99956    -0.03491
          0           0           0           1

scan_8 to scan_7
  0.999788 -0.0149807 -0.0141617   0.235068
 0.0151387   0.999824  0.0111153   0.118162
 0.0139927 -0.0113274   0.999838  -0.221448
         0          0          0          1

scan_9 to scan_8
   0.999943 -0.00630459  0.00857789   -0.111772
 0.00628139    0.999977  0.00272941    0.262755
 -0.0085949 -0.00267538    0.999959   0.0719357
          0           0           0           1

scan_10 to scan_9
   0.999994 -0.00304522 -0.00157452    0.139197
 0.00301868    0.999858  -0.0165934    0.297405
 0.00162483   0.0165885    0.999861    0.306695
          0           0           0           1

scan_11 to scan_10
  0.997748 0.00229932 -0.0670297   0.596762
-0.00127351   0.999881  0.0153425  -0.331438
  0.067057 -0.0152226   0.997633   0.228187
         0          0          0          1

scan_12 to scan_11
  0.997911 0.00220374  0.0645654  -0.471968
-0.0013268   0.999907 -0.0136218   0.153173
-0.0645894  0.0135077   0.997821   0.510305
         0          0          0          1

scan_13 to scan_12
    0.999471  0.000605942    0.0325375  -0.00315549
-0.000600907            1 -0.000164499    0.0429886
  -0.0325376  0.000144859     0.999471       0.4605
           0            0            0            1

scan_14 to scan_13
   0.999351 0.000883796   -0.036006    0.136813
-0.00143476    0.999882  -0.0152791  0.00595286
  0.0359883   0.0153209    0.999235    0.586376
          0           0           0           1

scan_15 to scan_14
  0.999753 0.00737929  0.0209687   -0.07592
-0.00773083    0.99983  0.0167333  -0.170985
-0.0208417 -0.0168912    0.99964   0.623797
         0          0          0          1

scan_16 to scan_15
    0.999998   0.00177469 -0.000791483     0.125997
 -0.00175659      0.99975    0.0223038    -0.292357
 0.000830868   -0.0223024     0.999751    -0.176633
           0            0            0            1

scan_17 to scan_16
   0.999858 -0.00207069  -0.0167321    0.131764
 0.00203863    0.999996 -0.00193272   -0.152781
   0.016736  0.00189833    0.999858   0.0186058
          0           0           0           1

scan_18 to scan_17
   0.999753 -0.00128048  -0.0221932   0.0115311
  0.0013228    0.999997  0.00189229 -0.00423941
  0.0221907 -0.00192118    0.999752    0.298322
          0           0           0           1

scan_19 to scan_18
    0.999998 -0.000586002   0.00183337     0.138764
 0.000567049     0.999947    0.0103207    -0.155603
 -0.00183932   -0.0103197     0.999945    0.0437346
           0            0            0            1

scan_20 to scan_19
  0.999262 0.00218897  -0.038357  0.0557661
-0.00121598   0.999678  0.0253717 -0.0922434
 0.0384002 -0.0253064   0.998942   0.316521
         0          0          0          1

scan_21 to scan_20
  0.999701 0.00351749 -0.0242101 -0.0178362
-0.00325848   0.999937  0.0107297 -0.0957319
 0.0242463 -0.0106476   0.999649  0.0698534
         0          0          0          1

scan_22 to scan_21
  0.999976 0.00669207 0.00202255 0.00496334
-0.00671902   0.999885  0.0136269  -0.239406
-0.00193113 -0.0136401   0.999905   0.628168
         0          0          0          1

scan_23 to scan_22
  0.999635 0.00650745 -0.0262123   0.204045
-0.00531338   0.998956  0.0453688  -0.748514
 0.0264802  -0.045213   0.998627 -0.0163483
         0          0          0          1

scan_24 to scan_23
   0.999893 0.000510668   0.0146233    -0.13202
-0.00034165    0.999934  -0.0115583    0.136998
 -0.0146282   0.0115521    0.999826   -0.280439
          0           0           0           1

scan_25 to scan_24
          1 0.000704682 0.000547703  -0.0525004
-0.000697631    0.999919  -0.0127689  -0.0361353
-0.000556655   0.0127685    0.999919   0.0753567
          0           0           0           1

scan_26 to scan_25
   0.999997  0.00255934 0.000855431  -0.0832001
-0.00257757    0.999754   0.0220413  -0.0485223
-0.000798809  -0.0220434    0.999757    0.416608
          0           0           0           1

scan_27 to scan_26
  0.999931 0.00189457  0.0115649 -0.0235012
-0.00269856    0.99755   0.069905 -0.0433279
-0.0114041 -0.0699314   0.997486   0.262765
         0          0          0          1

scan_28 to scan_28
 0.340511 -0.940241         0  -252.666
 0.940241  0.340511         0    395.79
       -0         0         1         0
        0         0         0         1

scan_29 to scan_28
   0.999307 -0.00344401  -0.0370624    0.248079
  0.0030881    0.999949 -0.00965602   0.0530898
  0.0370937  0.00953488    0.999266  0.00707139
          0           0           0           1

scan_30 to scan_29
    0.999675 -0.000556878     0.025497    -0.116581
 0.000613044     0.999998  -0.00219505    0.0199515
  -0.0254957   0.00220997     0.999673    -0.065368
           0            0            0            1

scan_31 to scan_30
    0.999982 -7.53592e-05   0.00594853    -0.081161
-1.38832e-05     0.999887     0.015001     0.125167
 -0.00594899   -0.0150008      0.99987   0.00536696
           0            0            0            1

scan_32 to scan_31
   0.999941 -0.00161991  -0.0108058    0.026837
 0.00151133    0.999949  -0.0100486   0.0160305
  0.0108215   0.0100317    0.999891  -0.0286172
          0           0           0           1

scan_33 to scan_32
   0.999975 -0.00164807  0.00685408   0.0302527
 0.00161278    0.999986  0.00515133   -0.104283
-0.00686248 -0.00514015    0.999963   0.0261328
          0           0           0           1

scan_34 to scan_33
    0.999807 -6.45866e-05   -0.0196243    0.0566095
-7.10051e-05     0.999976  -0.00690859    0.0637537
   0.0196243   0.00690865     0.999784    -0.039226
           0            0            0            1

scan_35 to scan_34
   0.999983 -0.00243878 -0.00526584  -0.0133225
 0.00245285    0.999994  0.00266894   0.0563634
 0.00525929 -0.00268181    0.999983 -0.00700475
          0           0           0           1

scan_36 to scan_35
    0.999999 -0.000513981  -0.00175444   -0.0347241
 0.000513324            1 -0.000374505     0.109596
  0.00175463  0.000373604     0.999998  1.56219e-05
           0            0            0            1

scan_37 to scan_36
   0.999793 -0.00446587  -0.0198699    0.222342
 0.00420945    0.999908   -0.012928    0.132144
  0.0199258   0.0128417    0.999719  -0.0162912
          0           0           0           1

scan_38 to scan_37
   0.999992  0.00407507 0.000425693 -0.00941802
-0.00407791    0.999968  0.00691483    0.105458
-0.000397501  -0.0069165    0.999976   0.0382877
          0           0           0           1

scan_39 to scan_38
    0.999622 -0.000297241   -0.0275149     0.115109
 0.000427015     0.999989   0.00471075    0.0429434
   0.0275132  -0.00472072      0.99961   -0.0308345
           0            0            0            1

scan_40 to scan_39
  0.999572 0.00715189  0.0283907 -0.0210816
-0.00657007   0.999768 -0.0205339   0.130575
-0.0285309  0.0203385   0.999386  -0.213855
         0          0          0          1

scan_41 to scan_40
  0.999611 0.00941097 -0.0262811   0.251659
-0.00924154   0.999936 0.00656094   0.130083
 0.0263412 -0.0063155   0.999633 0.00346511
         0          0          0          1

scan_42 to scan_41
     0.9998 -0.00202127   0.0199334   -0.111877
0.000945241    0.998549    0.053844   -0.219584
 -0.0200133  -0.0538144    0.998351    0.553332
          0           0           0           1

scan_43 to scan_42
  0.999872 0.00641987 -0.0146537   0.111441
-0.00674767   0.999726 -0.0224309  0.0756089
 0.0145056  0.0225269   0.999641  0.0431439
         0          0          0          1

scan_45 to scan_45
1 0 0 0
0 1 0 0
0 0 1 0
0 0 0 1

scan_46 to scan_45
   0.999522  0.00376543   0.0306823   -0.393603
-0.00380249    0.999992  0.00114953   0.0299993
 -0.0306778 -0.00126565    0.999528    0.193334
          0           0           0           1

scan_47 to scan_46
   0.999983 -0.00354048 -0.00474873    -0.17052
 0.00353266    0.999993 -0.00165489    0.150436
 0.00475455  0.00163809    0.999987    0.152115
          0           0           0           1

scan_48 to scan_47
   0.999965  0.00677053 -0.00481306   -0.167901
-0.00674935    0.999968  0.00440492   -0.128711
 0.00484273 -0.00437229    0.999979  0.00730683
          0           0           0           1

scan_49 to scan_48
    0.999975 -0.000995165  -0.00693933   -0.0460942
 0.000995447     0.999999  3.70883e-05    0.0214452
  0.00693929 -4.39951e-05     0.999976    -0.303743
           0            0            0            1

scan_50 to scan_49
  0.999972 0.00727497 0.00172319   0.796719
-0.00730055   0.999856  0.0153328  -0.139867
-0.00161139  -0.015345   0.999881   0.404447
         0          0          0          1

scan_51 to scan_50
    0.999782 -0.000208696     0.020867    0.0107687
  0.00033069     0.999983  -0.00584298    0.0384796
  -0.0208655    0.0058486     0.999765     0.109001
           0            0            0            1

scan_52 to scan_51
   0.999988  0.00400028 -0.00277713  -0.0951715
-0.00396104    0.999894    0.013994  -0.0725302
 0.00283282  -0.0139828    0.999898   0.0510521
          0           0           0           1

scan_53 to scan_52
   0.999968  0.00059992 -0.00801785    0.251761
-0.000538528     0.99997    0.007657   -0.116984
  0.0080222 -0.00765243    0.999939     0.25377
          0           0           0           1

scan_54 to scan_54
   -0.880302    -0.474414 -1.93923e-07     -235.093
    0.474414    -0.880302  4.89281e-08      292.318
-1.93923e-07 -4.89281e-08            1            0
           0            0            0            1

scan_55 to scan_54
    0.999904   0.00872469   -0.0107841    -0.149973
 -0.00871663     0.999962  0.000794318     -0.26595
   0.0107906 -0.000700241     0.999942    0.0404434
           0            0            0            1

scan_56 to scan_55
  0.999806 0.00608468  0.0187172  -0.172631
-0.00584552   0.999901 -0.0128062 -0.0731201
-0.0187932  0.0126943   0.999743  -0.297354
         0          0          0          1

scan_59 to scan_59
   -0.833689    -0.552234 -1.91504e-07     -263.486
    0.552234    -0.833689  5.76734e-08      223.747
-1.91504e-07 -5.76734e-08            1            0
           0            0            0            1

scan_60 to scan_59
   0.998801 -0.00630938   0.0485584  -0.0180952
 0.00510729    0.999679   0.0248399   -0.396771
 -0.0486995  -0.0245621    0.998511   -0.793907
          0           0           0           1

scan_61 to scan_60
   0.999119 -0.00883243  -0.0410359   0.0763473
 0.00904419    0.999947  0.00497738   0.0926134
  0.0409898 -0.00534413    0.999146    0.344665
          0           0           0           1

scan_62 to scan_61
  0.999531 0.00403501 -0.0303437  -0.186578
-0.0033371    0.99973   0.023016  0.0593332
 0.0304283 -0.0229039   0.999275    1.14645
         0          0          0          1

scan_63 to scan_62
  0.999338 0.00105305  0.0363642 0.00189616
-0.000234581   0.999747 -0.0225046  -0.511905
-0.0363786  0.0224812   0.999085   0.144404
         0          0          0          1

scan_64 to scan_63
     0.99994 -0.000661332    0.0109668    0.0155297
   0.0010592      0.99934   -0.0363137     -0.81555
  -0.0109355    0.0363231      0.99928     -0.65828
           0            0            0            1

scan_65 to scan_64
   0.999951 -0.00985082  0.00123585    0.443283
 0.00981923    0.999678   0.0233854   -0.419535
-0.00146582  -0.0233721    0.999726    0.196238
          0           0           0           1

scan_66 to scan_65
  0.999849 0.00474828 -0.0167319 0.00144801
-0.00502283   0.999853 -0.0164055   0.314832
 0.0166516   0.016487   0.999726 -0.0661243
         0          0          0          1

scan_67 to scan_66
   0.999997  0.00221086 -0.00140612 -0.00420416
-0.00220367    0.999985  0.00509792   0.0182213
 0.00141737  -0.0050948    0.999986    0.153293
          0           0           0           1

scan_68 to scan_67
   0.999993 -0.00172974  0.00330822 -0.00485372
  0.0016976    0.999952  0.00969292   -0.286944
-0.00332483 -0.00968724    0.999948   0.0779792
          0           0           0           1

scan_69 to scan_68
   0.999252  0.00214459  -0.0386146     0.24126
-0.00230081     0.99999 -0.00400172  -0.0788041
  0.0386057  0.00408757    0.999247    0.114726
          0           0           0           1

scan_70 to scan_69
   0.999813 -0.00238602   0.0192161  -0.0546958
 0.00220843    0.999955  0.00925769   -0.210726
 -0.0192373 -0.00921352    0.999773    0.213538
          0           0           0           1

scan_71 to scan_70
   0.999658 -0.00400089  -0.0258438    0.266957
 0.00486838    0.999424   0.0335916   -0.243216
  0.0256945   -0.033706    0.999102    0.894819
          0           0           0           1

scan_72 to scan_71
   0.999654 -0.00525363   0.0257795  -0.0938132
 0.00581579    0.999746  -0.0217804  -0.0165383
 -0.0256585   0.0219228     0.99943    0.279232
          0           0           0           1

scan_73 to scan_72
  0.996725 -0.0778709 -0.0217914    3.85177
 0.0784613   0.996532  0.0276973   -3.14181
  0.019559 -0.0293164   0.999379   0.998868
         0          0          0          1

scan_74 to scan_73
  0.999094 -0.0399759 -0.0146346   0.550225
 0.0402103   0.999061  0.0160848   -2.39243
 0.0139778 -0.0166587   0.999764  -0.296577
         0          0          0          1

scan_75 to scan_74
   0.999928   0.0118815 -0.00178922   -0.526457
 -0.0118612     0.99987   0.0109527   -0.185147
 0.00191912  -0.0109307    0.999938  0.00374701
          0           0           0           1

scan_76 to scan_75
    0.99999  0.00332075 -0.00297353   -0.161058
-0.00333035    0.999989 -0.00322687   0.0956191
 0.00296278  0.00323674    0.999991    0.123327
          0           0           0           1

scan_77 to scan_76
   0.999165 -0.00691302   0.0402668   0.0680434
 0.00676546     0.99997  0.00379962   -0.365651
 -0.0402918 -0.00352403    0.999182   -0.219582
          0           0           0           1

scan_78 to scan_77
  0.999718 -0.0156967 -0.0178409   0.858461
 0.0164975   0.998821  0.0456591   -1.58716
 0.0171031 -0.0459405   0.998798    2.44141
         0          0          0          1

scan_79 to scan_78
  0.999351 -0.0169764 -0.0317742    1.64862
 0.0176537   0.999621  0.0211576  -0.662985
  0.031403 -0.0217048   0.999271   0.575174
         0          0          0          1

scan_80 to scan_79
    0.999786 -5.85352e-05   -0.0206982   -0.0729353
-0.000265235     0.999878   -0.0156393     0.747698
   0.0206966    0.0156415     0.999664    -0.178094
           0            0            0            1

scan_81 to scan_80
  0.999717 -0.0101312 -0.0215243 0.00235771
 0.0105519   0.999754  0.0195235  -0.699952
 0.0213212 -0.0197451   0.999578  -0.046854
         0          0          0          1

scan_82 to scan_81
    0.999815  -0.00237427   -0.0190626     0.554521
  0.00237482     0.999997    6.082e-06    -0.754647
   0.0190625 -5.13488e-05     0.999818    -0.184561
           0            0            0            1

scan_83 to scan_82
  0.999863 -0.0045831    -0.0159   0.291163
0.00479793   0.999897  0.0134993   -0.33702
 0.0158365 -0.0135738   0.999782   0.202932
         0          0          0          1

