scan_1 to scan_1
    -0.46347     0.886113 -1.71083e-07     -230.317
   -0.886113     -0.46347 -1.03589e-07      438.186
-1.71083e-07  1.03589e-07            1            0
           0            0            0            1

scan_2 to scan_1
  0.998747 -0.0500521          0      3.159
 0.0500521   0.998747          0    -19.887
        -0          0          1          0
         0          0          0          1

scan_3 to scan_2
  0.99866 0.0517451         0     0.368
-0.0517451   0.99866        -0   -26.538
       -0         0         1         0
        0         0         0         1

scan_4 to scan_3
  0.999368 -0.0355552          0      2.334
 0.0355552   0.999368          0    -26.116
        -0          0          1          0
         0          0          0          1

scan_5 to scan_1
  0.999979 0.00649617          0     -1.432
-0.00649617   0.999979         -0      4.864
        -0          0          1          0
         0          0          0          1

scan_6 to scan_5
0.99955   -0.03       0    3.57
   0.03 0.99955       0 -35.464
     -0       0       1       0
      0       0       0       1

scan_7 to scan_6
0.999662   -0.026        0    1.659
   0.026 0.999662       -0  -20.713
       0        0        1        0
       0        0        0        1

scan_8 to scan_7
0.999928   -0.012       -0    0.914
   0.012 0.999928        0   -16.68
       0       -0        1        0
       0        0        0        1

scan_9 to scan_8
0.994592 0.103896       -0    0.491
-0.103896 0.994592        0  -19.717
       0        0        1        0
       0        0        0        1

scan_10 to scan_9
0.99955   -0.03      -0   2.716
   0.03 0.99955       0 -21.161
      0      -0       1       0
      0       0       0       1

scan_11 to scan_10
   0.999985 -0.00539058           0       2.999
 0.00539058    0.999985           0     -27.587
         -0           0           1           0
          0           0           0           1

scan_12 to scan_11
-0.0182147  -0.999834          0      6.364
  0.999834 -0.0182147          0     -7.824
        -0          0          1          0
         0          0          0          1

scan_13 to scan_12
   0.999982 -0.00597797           0       1.025
 0.00597797    0.999982           0     -17.459
         -0           0           1           0
          0           0           0           1

scan_14 to scan_13
0.99875    0.05       0   0.988
  -0.05 0.99875      -0 -15.675
     -0       0       1       0
      0       0       0       1

scan_15 to scan_14
0.998078   -0.062        0    2.798
   0.062 0.998078        0  -25.198
      -0        0        1        0
       0        0        0        1

scan_16 to scan_15
     -1   0.042      -0   0.329
 -0.042      -1       0 -11.483
      0       0       1       0
      0       0       0       1

scan_17 to scan_16
0.992558 0.121756        0     0.61
-0.121756 0.992558       -0   17.835
      -0        0        1        0
       0        0        0        1

scan_18 to scan_17
0.997262 0.073926        0    -2.39
-0.073926 0.997262       -0   13.419
      -0        0        1        0
       0        0        0        1

scan_19 to scan_18
  0.999603 -0.0281594         -0     -2.225
 0.0281594   0.999603          0      10.28
         0         -0          1          0
         0          0          0          1

scan_20 to scan_19
-0.155311 -0.987866        -0    -9.875
 0.987866 -0.155311         0     0.378
        0        -0         1         0
        0         0         0         1

scan_21 to scan_20
0.986437 0.164139       -0   -0.038
-0.164139 0.986437        0   17.153
       0        0        1        0
       0        0        0        1

scan_22 to scan_21
 0.994187 -0.107664        -0     -4.25
 0.107664  0.994187         0    21.749
        0        -0         1         0
        0         0         0         1

scan_23 to scan_22
  0.998868 -0.0475665         -0     -1.511
 0.0475665   0.998868          0     16.174
         0         -0          1          0
         0          0          0          1

scan_24 to scan_23
0.993318 0.115408       -0   -0.703
-0.115408 0.993318        0   24.723
       0        0        1        0
       0        0        0        1

scan_25 to scan_24
  0.995954 -0.0898618         -0     -2.811
 0.0898618   0.995954          0      20.35
         0         -0          1          0
         0          0          0          1

scan_26 to scan_25
 0.999027 0.0441031        -0    -1.268
-0.0441031  0.999027         0    15.948
        0         0         1         0
        0         0         0         1

scan_27 to scan_26
  0.997322 -0.0731348         -0     -2.498
 0.0731348   0.997322          0     24.157
         0         -0          1          0
         0          0          0          1

scan_28 to scan_28
 0.340511 -0.940241         0  -252.666
 0.940241  0.340511         0    395.79
       -0         0         1         0
        0         0         0         1

scan_29 to scan_28
   0.9991 0.0424169         0    -0.319
-0.0424169    0.9991        -0     6.342
       -0         0         1         0
        0         0         0         1

scan_30 to scan_29
  0.996014 -0.0891962          0      0.417
 0.0891962   0.996014          0      7.716
        -0          0          1          0
         0          0          0          1

scan_31 to scan_30
 0.997911 0.0645994         0     0.597
-0.0645994  0.997911        -0     8.757
       -0         0         1         0
        0         0         0         1

scan_32 to scan_31
  0.995854 -0.0909696          0     -0.287
 0.0909696   0.995854          0      6.621
        -0          0          1          0
         0          0          0          1

scan_33 to scan_32
 0.999148 0.0412606         0     0.718
-0.0412606  0.999148        -0     6.933
       -0         0         1         0
        0         0         0         1

scan_34 to scan_33
0.991345 0.131286        0   -0.014
-0.131286 0.991345       -0    5.093
      -0        0        1        0
       0        0        0        1

scan_35 to scan_34
  0.999656 -0.0262267          0     -0.465
 0.0262267   0.999656          0      4.343
        -0          0          1          0
         0          0          0          1

scan_36 to scan_35
 0.997651 0.0684997         0    -0.632
-0.0684997  0.997651        -0     5.395
       -0         0         1         0
        0         0         0         1

scan_37 to scan_36
  0.999928 -0.0119944         -0     -0.942
 0.0119944   0.999928          0      6.261
         0         -0          1          0
         0          0          0          1

scan_38 to scan_37
  0.997883 -0.0650338         -0      0.689
 0.0650338   0.997883          0       7.63
         0         -0          1          0
         0          0          0          1

scan_39 to scan_38
0.994872 0.101143        0   -1.818
-0.101143 0.994872       -0    6.338
      -0        0        1        0
       0        0        0        1

scan_40 to scan_39
 0.983295 -0.182021        -0    -1.593
 0.182021  0.983295         0     7.851
        0        -0         1         0
        0         0         0         1

scan_41 to scan_40
0.986955 0.160997        0   -0.039
-0.160997 0.986955       -0    6.386
      -0        0        1        0
       0        0        0        1

scan_42 to scan_41
 0.999377 0.0353059         0    -0.545
-0.0353059  0.999377        -0     6.798
       -0         0         1         0
        0         0         0         1

scan_43 to scan_42
  0.998847 -0.0480157          0     -1.925
 0.0480157   0.998847          0     10.073
        -0          0          1          0
         0          0          0          1

scan_45 to scan_45
 0.444484 -0.895787         0  -483.448
 0.895787  0.444484         0  -103.618
       -0         0         1         0
        0         0         0         1

scan_46 to scan_45
 0.999445 0.0333172         0     3.375
-0.0333172  0.999445        -0    30.328
       -0         0         1         0
        0         0         0         1

scan_47 to scan_46
-0.0563475  -0.998411          0     -12.85
  0.998411 -0.0563475          0     13.977
        -0          0          1          0
         0          0          0          1

scan_48 to scan_47
   0.99946 -0.0328622          0     -2.367
 0.0328622    0.99946          0     26.449
         0          0          1          0
         0          0          0          1

scan_49 to scan_48
   -0.489377     0.872072 -1.72591e-07       28.877
   -0.872072    -0.489377 -1.01057e-07      -17.953
-1.72591e-07  1.01057e-07            1            0
           0            0            0            1

scan_50 to scan_49
-0.00426471   -0.999991          -0     -34.584
   0.999991 -0.00426471           0     -32.306
          0          -0           1           0
          0           0           0           1

scan_51 to scan_50
   -0.564963    -0.825116 -1.76916e-07      -19.036
    0.825116    -0.564963  9.32777e-08         -4.2
-1.76916e-07 -9.32777e-08            1           -0
           0            0            0            1

scan_52 to scan_51
-0.00791156    0.999969           0       5.233
  -0.999969 -0.00791156          -0      36.974
         -0           0           1          -0
          0           0           0           1

scan_53 to scan_52
 0.446893 -0.894587         0   -40.499
 0.894587  0.446893         0    -7.874
       -0         0         1         0
        0         0         0         1

scan_54 to scan_54
   -0.880302    -0.474414 -1.93923e-07     -235.093
    0.474414    -0.880302  4.89281e-08      292.318
-1.93923e-07 -4.89281e-08            1            0
           0            0            0            1

scan_55 to scan_54
0.997336 -0.07295        0   -3.728
 0.07295 0.997336        0   29.507
      -0        0        1        0
       0        0        0        1

scan_56 to scan_55
  0.999964 0.00843393          0     -0.006
-0.00843393   0.999964         -0      0.671
        -0          0          1          0
         0          0          0          1

scan_57 to scan_57
0.402067 -0.91561        0 -154.313
 0.91561 0.402067        0  200.986
      -0        0        1        0
       0        0        0        1

scan_59 to scan_59
   -0.833689    -0.552234 -1.91504e-07     -263.486
    0.552234    -0.833689  5.76734e-08      223.747
-1.91504e-07 -5.76734e-08            1            0
           0            0            0            1

scan_60 to scan_59
 0.992239 -0.124347         0    -8.655
 0.124347  0.992239         0    25.602
       -0         0         1        -0
        0         0         0         1

scan_61 to scan_60
 0.999564 0.0295344         0     -1.19
-0.0295344  0.999564        -0    30.806
       -0         0         1        -0
        0         0         0         1

scan_62 to scan_61
 0.997278 0.0737278         0    -2.768
-0.0737278  0.997278        -0    26.634
       -0         0         1        -0
        0         0         0         1

scan_63 to scan_62
  0.998964 -0.0454968         -0     -9.396
 0.0454968   0.998964          0      46.48
         0         -0          1         -0
         0          0          0          1

scan_64 to scan_63
-0.0433488   -0.99906         -0    -29.752
   0.99906 -0.0433488          0     34.368
         0         -0          1         -0
         0          0          0          1

scan_65 to scan_64
  0.999291 -0.0376547          0      -3.45
 0.0376547   0.999291          0     33.233
        -0          0          1          0
         0          0          0          1

scan_66 to scan_65
 0.999822 0.0188656        -0    -2.426
-0.0188656  0.999822         0    31.226
        0         0         1         0
        0         0         0         1

scan_67 to scan_66
0.993765 0.111496       -0   -2.085
-0.111496 0.993765        0   21.677
       0        0        1        0
       0        0        0        1

scan_68 to scan_67
  0.996867 -0.0790942         -0     -3.551
 0.0790942   0.996867          0     19.043
         0         -0          1          0
         0          0          0          1

scan_69 to scan_68
 0.998229 0.0594815        -0    -4.445
-0.0594815  0.998229         0     32.26
        0         0         1         0
        0         0         0         1

scan_70 to scan_69
  0.999603 -0.0281668          0     -4.536
 0.0281668   0.999603          0     24.063
        -0          0          1          0
         0          0          0          1

scan_71 to scan_70
  0.97855 -0.206008         0    -1.414
 0.206008   0.97855         0    19.206
       -0         0         1         0
        0         0         0         1

scan_72 to scan_71
 0.125073 -0.992147        -0   -25.127
 0.992147  0.125073         0    -1.841
        0        -0         1         0
        0         0         0         1

scan_73 to scan_72
  0.999996 -0.0028502         -0     -1.474
 0.0028502   0.999996          0      29.48
         0         -0          1          0
         0          0          0          1

scan_74 to scan_73
  0.999574 -0.0291735         -0     -1.521
 0.0291735   0.999574          0     31.099
         0         -0          1          0
         0          0          0          1

scan_75 to scan_74
  0.999981 0.00611117         -0     -0.275
-0.00611117   0.999981          0     26.062
         0          0          1         -0
         0          0          0          1

scan_76 to scan_75
0.99373 0.11181      -0  -0.782
-0.11181 0.99373       0  22.276
      0       0       1       0
      0       0       0       1

scan_77 to scan_76
  0.995811 -0.0914375         -0     -5.479
 0.0914375   0.995811          0     35.093
         0         -0          1          0
         0          0          0          1

scan_78 to scan_77
 0.999192 0.0401921        -0    -2.721
-0.0401921  0.999192         0    44.231
        0         0         1         0
        0         0         0         1

scan_79 to scan_78
0.968216 0.250116       -0   -3.205
-0.250116 0.968216        0   35.931
       0        0        1       -0
       0        0        0        1

scan_80 to scan_79
-0.209346 -0.977841         0   -13.255
 0.977841 -0.209346         0    -3.836
       -0         0         1         0
        0         0         0         1

scan_81 to scan_80
  0.999333 -0.0365083         -0     -3.316
 0.0365083   0.999333          0     18.627
         0         -0          1         -0
         0          0          0          1

scan_82 to scan_81
  0.999734 -0.0230599         -0     -3.469
 0.0230599   0.999734          0     24.534
         0         -0          1         -0
         0          0          0          1

scan_83 to scan_82
 0.999051 0.0435583        -0    -1.668
-0.0435583  0.999051         0    19.313
        0         0         1        -0
        0         0         0         1
