scan_1 to scan_1
1 0 0 0
0 1 0 0
0 0 1 0
0 0 0 1

scan_2 to scan_1
   0.999819 -0.00113043   -0.018998   0.0568631
 0.00116318    0.999998  0.00171262  -0.0046365
   0.018996 -0.00173441    0.999818    0.097352
          0           0           0           1

scan_3 to scan_2
    0.999989 -0.000115406  -0.00478689   -0.0582621
 4.61601e-05     0.999895   -0.0144632     0.189548
  0.00478806    0.0144629     0.999884     0.335951
           0            0            0            1

scan_4 to scan_3
    0.999999  -0.00157369 -0.000429492  -0.00166551
  0.00157929     0.999909    0.0133689     0.199673
 0.000408414   -0.0133695     0.999911     0.321267
           0            0            0            1

scan_5 to scan_1
   0.999996 0.000559083 -0.00286098 0.000391224
-0.000619243    0.999778  -0.0210703    0.148351
 0.00284857    0.021072    0.999774      0.0234
          0           0           0           1

scan_6 to scan_5
    0.999931 -0.000756912     0.011719   -0.0220396
  0.00040797     0.999557    0.0297495     0.103616
  -0.0117364   -0.0297426     0.999489     -0.30512
           0            0            0            1

scan_7 to scan_6
   0.999728 -0.00502376  -0.0227809  -0.0182567
 0.00457772    0.999798  -0.0195893    0.225407
  0.0228747   0.0194797    0.999549    0.351605
          0           0           0           1

scan_8 to scan_7
   0.999731  -0.0114908  -0.0201676    0.329889
  0.0116535      0.9999  0.00796841   0.0482857
  0.0200741 -0.00820128    0.999765    0.595704
          0           0           0           1

scan_9 to scan_8
   0.999983 -0.00492734  -0.0030092  -0.0423168
 0.00487149    0.999821   -0.018294    0.368183
  0.0030988    0.018279    0.999828    0.681556
          0           0           0           1

scan_10 to scan_9
   0.999968  0.00340813  0.00718101   0.0847247
-0.00342181    0.999992  0.00189424  -0.0420728
 -0.0071745 -0.00191876    0.999972    0.115531
          0           0           0           1

scan_11 to scan_10
   0.998948  0.00143834  -0.0458324     0.30556
-0.00137502    0.999998  0.00141304  -0.0626357
  0.0458343 -0.00134853    0.998948    0.806098
          0           0           0           1

scan_12 to scan_11
   0.997296 0.000774916   0.0734817   -0.422966
-0.000422557    0.999988 -0.00481062  0.00658812
 -0.0734846  0.00476656    0.997285    0.656723
          0           0           0           1

scan_13 to scan_12
   0.999397 -0.00076938   0.0347195   -0.090377
0.000705685    0.999998  0.00184675    0.108885
 -0.0347209 -0.00182114    0.999395     0.83028
          0           0           0           1

scan_14 to scan_13
   0.998969 -0.00317302  -0.0452885  -0.0186752
 0.00204755    0.999688   -0.024876     1.17126
  0.0453533   0.0247576    0.998664     1.15368
          0           0           0           1

scan_15 to scan_14
   0.999883 -0.00117468   0.0152369  -0.0455982
0.000796363    0.999692   0.0248112  -0.0985444
 -0.0152613  -0.0247962    0.999576     1.02947
          0           0           0           1

scan_16 to scan_15
   0.999757 -0.00541558  -0.0213698    0.233094
 0.00591355    0.999711   0.0233085    0.496959
  0.0212374  -0.0234292      0.9995    0.475528
          0           0           0           1

scan_17 to scan_16
   0.999857 -0.00265995  -0.0166989    0.209781
 0.00270152    0.999993  0.00246738  -0.0130532
  0.0166922 -0.00251213    0.999858    0.346866
          0           0           0           1

scan_18 to scan_17
   0.999763 -0.00262363  -0.0216149   0.0661747
 0.00250388    0.999981 -0.00556501  -0.0341183
  0.0216291  0.00550957    0.999751    0.859259
          0           0           0           1

scan_19 to scan_18
    0.99998 -0.00157727  0.00606223    0.122351
 0.00145152    0.999785   0.0206916   -0.229168
-0.00609356  -0.0206824    0.999768      1.1046
          0           0           0           1

scan_20 to scan_19
  0.998575 0.00120203 -0.0533607   0.284727
9.62359e-05   0.999704  0.0243208 -0.0190037
 0.0533741 -0.0242912   0.998279    1.16145
         0          0          0          1

scan_21 to scan_20
   0.999822 0.000939122  -0.0188209  -0.0332507
-0.00047324    0.999694   0.0247426   -0.181646
  0.0188384  -0.0247293    0.999517    0.469451
          0           0           0           1

scan_22 to scan_21
   0.999999 9.63453e-05  0.00173616   -0.017617
-0.000114578    0.999945   0.0105049  -0.0508594
-0.00173505   -0.010505    0.999943    0.571963
          0           0           0           1

scan_23 to scan_22
  0.999495  0.0058981 -0.0312286   0.220872
-0.00327816    0.99652  0.0832913   -0.80349
 0.0316112 -0.0831468   0.996036   0.963972
         0          0          0          1

scan_24 to scan_23
   0.999976  0.00417881  0.00546327    -0.15974
-0.00416904     0.99999 -0.00179744   0.0187807
-0.00547073  0.00177463    0.999983    0.238644
          0           0           0           1

scan_25 to scan_24
   0.999988 -0.00218394 -0.00441833   0.0763833
 0.00212559    0.999911  -0.0131698   0.0356668
  0.0044467   0.0131603    0.999904    0.165034
          0           0           0           1

scan_26 to scan_25
  0.999951 0.00326222 -0.0093706   0.013555
-0.00302647   0.999681  0.0250637 -0.0734776
0.00944938 -0.0250341   0.999642   0.648978
         0          0          0          1

scan_27 to scan_26
   0.999973  0.00662702 -0.00305311    0.175847
-0.00602945    0.986154    0.165721   -0.840245
 0.00410908   -0.165699    0.986168     2.87844
          0           0           0           1

scan_28 to scan_28
1 0 0 0
0 1 0 0
0 0 1 0
0 0 0 1

scan_29 to scan_28
    0.999599 -3.73012e-05   -0.0283075     0.126317
-5.92009e-05     0.999994  -0.00340823    -0.147678
   0.0283074   0.00340854     0.999593     0.200341
           0            0            0            1

scan_30 to scan_29
   0.999579 2.85154e-05   0.0290066   -0.123591
5.87083e-05    0.999995 -0.00300617  -0.0555497
 -0.0290066  0.00300661    0.999575   0.0606479
          0           0           0           1

scan_31 to scan_30
   0.999939 0.000699168   0.0109968  -0.0880697
-0.000859065    0.999894   0.0145424  -0.0222915
 -0.0109855  -0.0145509    0.999834    0.358378
          0           0           0           1

scan_32 to scan_31
   0.999914 -0.00118128  -0.0130933  0.00651116
 0.00107159    0.999964 -0.00838129   -0.072992
  0.0131027  0.00836654    0.999879    0.429353
          0           0           0           1

scan_33 to scan_32
    0.999993 -0.000735683   0.00360519    0.0274338
 0.000707559     0.999969   0.00779586    -0.177131
 -0.00361081  -0.00779325     0.999963     0.300953
           0            0            0            1

scan_34 to scan_33
     0.9999 0.000848633   -0.014121  -0.0327361
-0.000889391    0.999995  -0.0028803   0.0433439
  0.0141184  0.00289257    0.999896    0.277869
          0           0           0           1

scan_35 to scan_34
   0.999969 -0.00272768 -0.00745509   0.0135395
 0.00276732    0.999982  0.00531221  -0.0344294
 0.00744046 -0.00533268    0.999958    0.226886
          0           0           0           1

scan_36 to scan_35
   0.999998  0.00130424  0.00139296  -0.0686298
-0.00131007     0.99999  0.00418791   0.0122691
-0.00138748 -0.00418973     0.99999    0.159022
          0           0           0           1

scan_37 to scan_36
    0.999996 -0.000131051   0.00286619    0.0354165
 0.000133459            1 -0.000840005   -0.0045139
 -0.00286608  0.000840384     0.999996     0.111606
           0            0            0            1

scan_38 to scan_37
    0.99998  0.00320984  0.00544126  0.00651065
-0.00323115    0.999987  0.00391254    0.110208
-0.00542863 -0.00393004    0.999978    0.221942
          0           0           0           1

scan_39 to scan_38
    0.99978 0.000903976  -0.0209658  0.00990472
-0.000816096    0.999991   0.0041998   0.0433377
  0.0209694 -0.00418176    0.999771    0.154822
          0           0           0           1

scan_40 to scan_39
  0.999508 0.00165088  0.0313339  -0.109324
-0.00109168    0.99984  -0.017855  0.0610729
-0.0313584   0.017812   0.999349 -0.0254665
         0          0          0          1

scan_41 to scan_40
   0.999655  0.00383668   -0.025992    0.130883
-0.00370342     0.99998  0.00517291  -0.0333279
  0.0260114 -0.00507486    0.999649   -0.165954
          0           0           0           1

scan_42 to scan_41
  0.999784  0.0011029  0.0207339 -0.0264531
-0.00232458   0.998256  0.0589908  -0.204737
-0.0206326 -0.0590263   0.998043   0.388746
         0          0          0          1

scan_43 to scan_42
  0.999716  0.0042888 -0.0234482   0.173015
-0.0053337   0.998987 -0.0446828   0.152016
 0.0232328  0.0447952   0.998726   0.256421
         0          0          0          1

scan_45 to scan_45
1 0 0 0
0 1 0 0
0 0 1 0
0 0 0 1

scan_46 to scan_45
   0.999849 -0.00270043   0.0171884  -0.0560406
 0.00304711    0.999792  -0.0201751    0.184516
 -0.0171304   0.0202244    0.999649   0.0725227
          0           0           0           1

scan_47 to scan_46
    0.999916 -0.000362789   -0.0129409  -0.00991407
  0.00027355     0.999976  -0.00689703    0.0692214
   0.0129431   0.00689291     0.999892      0.41583
           0            0            0            1

scan_48 to scan_47
   0.999981  0.00264447 -0.00556942   0.0034198
-0.00260524    0.999972  0.00703924  -0.0280167
 0.00558787 -0.00702459     0.99996    0.498662
          0           0           0           1

scan_49 to scan_48
   0.999998 -0.00183866  0.00048148  -0.0299717
 0.00183889    0.999998 -0.00047715   0.0302319
-0.000480602 0.000478034           1    0.656302
          0           0           0           1

scan_50 to scan_49
   0.999947   0.0103125 0.000729364    0.831783
 -0.0102972    0.999776  -0.0185131    0.400962
-0.000920117   0.0185046    0.999828  0.00772765
          0           0           0           1

scan_51 to scan_50
   0.999858 -0.00105913    0.016831   0.0438169
 0.00108846    0.999998  -0.0017337   0.0880819
 -0.0168292  0.00175177    0.999857    0.345971
          0           0           0           1

scan_52 to scan_51
  0.999939 0.00213051 -0.0108499   0.051171
-0.00201534   0.999942  0.0106152  -0.220477
 0.0108719 -0.0105926   0.999885   0.416833
         0          0          0          1

scan_53 to scan_52
     0.99996 -0.000591225  -0.00890593      0.17723
 0.000597254            1  0.000674264   0.00156926
  0.00890553 -0.000679557      0.99996     0.672969
           0            0            0            1

scan_54 to scan_54
1 0 0 0
0 1 0 0
0 0 1 0
0 0 0 1

scan_55 to scan_54
   0.999949  0.00438805  0.00909958   -0.304503
-0.00445414    0.999964    0.007256   -0.138703
-0.00906741 -0.00729616    0.999932    0.245109
          0           0           0           1

scan_56 to scan_55
   0.999071 -0.00179167    0.043051    0.063381
 0.00303524    0.999579  -0.0288378    -3.55292
 -0.0429812   0.0289417    0.998657    0.346106
          0           0           0           1

scan_59 to scan_59
1 0 0 0
0 1 0 0
0 0 1 0
0 0 0 1

scan_60 to scan_59
   0.999606  -0.0044027   0.0277114    0.178601
 0.00434735    0.999988  0.00205705   -0.787826
 -0.0277201 -0.00193577    0.999614    0.251813
          0           0           0           1

scan_61 to scan_60
   0.998311 -0.00438254  -0.0579374    0.230195
  0.0048835    0.999952  0.00850784  -0.0631923
  0.0578973  -0.0087764    0.998284     0.96772
          0           0           0           1

scan_62 to scan_61
  0.999702 0.00115759 -0.0243703   0.032854
-0.000668075   0.999798  0.0200853  -0.127276
 0.0243886  -0.020063   0.999501    1.09536
         0          0          0          1

scan_63 to scan_62
  0.998872 0.00163536  0.0474512  -0.356497
-0.00059158   0.999758 -0.0220027  -0.177661
-0.0474757  0.0219498   0.998631   -1.30066
         0          0          0          1

scan_64 to scan_63
  0.999223 0.00171721  0.0393658  -0.188149
-0.000598547   0.999596 -0.0284115    0.12172
-0.0393987  0.0283658   0.998821  -0.870367
         0          0          0          1

scan_65 to scan_64
  0.999995 -0.0027411 0.00154624   0.147189
0.00270893   0.999787  0.0204409  -0.279186
-0.00160194 -0.0204366    0.99979   0.557121
         0          0          0          1

scan_66 to scan_65
    0.99956 0.000130654  -0.0296477    0.294139
-0.000381073    0.999964 -0.00844102   0.0940767
  0.0296455  0.00844861    0.999525    0.300854
          0           0           0           1

scan_67 to scan_66
    0.999914 -0.000812665   -0.0130518     0.213117
 0.000940644     0.999951   0.00980231    0.0211212
   0.0130432  -0.00981375     0.999867     0.418278
           0            0            0            1

scan_68 to scan_67
   0.999973 -0.00550129 -0.00483238    0.167567
 0.00558884    0.999817   0.0182956   -0.304799
 0.00473085  -0.0183221    0.999821    0.318622
          0           0           0           1

scan_69 to scan_68
   0.998888 -0.00237356  -0.0470903    0.454027
 0.00205313    0.999974 -0.00685164  -0.0487531
  0.0471053  0.00674734    0.998867  -0.0978997
          0           0           0           1

scan_70 to scan_69
   0.999657 -0.00128187   0.0261638    -0.12668
 0.00115622    0.999988  0.00481692  -0.0518663
 -0.0261696 -0.00478502    0.999646    0.519012
          0           0           0           1

scan_71 to scan_70
    0.99972 -0.00510803  -0.0231152    0.353664
 0.00619263    0.998871   0.0470959   -0.269651
  0.0228485  -0.0472259    0.998623     1.41219
          0           0           0           1

scan_72 to scan_71
    0.999851  -0.00843833    0.0150848     0.191813
  0.00844583     0.999964 -0.000433654    -0.288514
  -0.0150806  0.000560993     0.999886      1.24349
           0            0            0            1

scan_73 to scan_72
   0.999953 -0.00902667 -0.00351037   -0.366438
 0.00905544    0.999925  0.00826665   -0.511011
 0.00343549 -0.00829805     0.99996     0.66083
          0           0           0           1

scan_74 to scan_73
  0.998849 -0.0416965  -0.023702    1.02615
 0.0423545   0.998711   0.027972   -2.42573
 0.0225051 -0.0289437   0.999328   0.668282
         0          0          0          1

scan_75 to scan_74
   0.999936   0.0113107 0.000285716   -0.534597
  -0.011312    0.999923  0.00506531   -0.292749
-0.000228402 -0.00506822    0.999987     0.32906
          0           0           0           1

scan_76 to scan_75
   0.999999  0.00106471 0.000576501   -0.155543
-0.00106294    0.999995  -0.0030592     0.11679
-0.000579755  0.00305859    0.999995     0.36369
          0           0           0           1

scan_77 to scan_76
   0.998071 -0.00411172   0.0619418    -0.10574
 0.00446842    0.999974 -0.00562127    -1.12662
 -0.0619171  0.00588721    0.998064   0.0398791
          0           0           0           1

scan_78 to scan_77
  0.998825  0.0176974 -0.0451063    -1.0888
-0.0152459   0.998418   0.054126   -1.44341
 0.0459928 -0.0533747   0.997515    1.53692
         0          0          0          1

scan_79 to scan_78
   0.999524 -0.00916909  -0.0294631    0.897387
 0.00987159    0.999668    0.023787    -0.39039
  0.0292352  -0.0240666    0.999283    0.579066
          0           0           0           1

scan_80 to scan_79
    0.999871 -0.000934763   -0.0160215     0.105899
 0.000722129     0.999912   -0.0132724     0.171241
   0.0160325    0.0132592     0.999784    0.0343118
           0            0            0            1

scan_81 to scan_80
    0.999998   0.00164735 -0.000553501    -0.257028
 -0.00163854     0.999878    0.0155615    -0.145823
 0.000579069   -0.0155606     0.999879     0.232069
           0            0            0            1

scan_82 to scan_81
  0.999445 -0.0332027 0.00287759   0.903619
 0.0330124   0.998146  0.0511327   -3.32336
  -0.00457 -0.0510092   0.998688    1.30873
         0          0          0          1

scan_83 to scan_82
  0.999323 0.00404915  -0.036568   0.109157
-0.00333698   0.999804  0.0195154  -0.581031
 0.0366398 -0.0193801   0.999141   0.405994
         0          0          0          1

