scan_1 to scan_1
    -0.46347     0.886113 -1.71083e-07     -230.317
   -0.886113     -0.46347 -1.03589e-07      438.186
-1.71083e-07  1.03589e-07            1            0
           0            0            0            1

scan_2 to scan_1
  -0.419197    0.907862  0.00775736    -249.406
  -0.907787   -0.419264   0.0118772     444.589
  0.0140352 -0.00206314    0.999899   0.0349932
          0           0           0           1

scan_3 to scan_1
 -0.462756   0.886474 0.00465107   -273.518
 -0.886279  -0.462755  0.0191571    455.351
 0.0191345 0.00474293   0.999806  0.0156398
         0          0          0          1

scan_4 to scan_1
  -0.431125     0.90227  0.00628197    -297.653
  -0.902178   -0.431171   0.0128608     465.351
  0.0143124 -0.00012284    0.999898  0.00443815
          0           0           0           1

scan_5 to scan_1
  -0.468859    0.883249 -0.00654941    -225.284
  -0.883256   -0.468789  0.00982672      437.17
 0.00560916   0.0103922     0.99993  -0.0366206
          0           0           0           1

scan_6 to scan_1
 -0.443182    0.89641 0.00618146   -258.106
 -0.896406  -0.443107 -0.0106299    450.604
-0.00678963  -0.010252   0.999924 -0.0410532
         0          0          0          1

scan_7 to scan_1
 -0.415357   0.909657 0.00178625   -277.314
 -0.909531   -0.41533   0.015946    458.119
 0.0152473 0.00499869   0.999871  -0.184183
         0          0          0          1

scan_8 to scan_1
  -0.391978    0.919971 -0.00231456    -292.873
  -0.919962   -0.391959  0.00609147     463.888
 0.00469688  0.00451711    0.999979   -0.363403
          0           0           0           1

scan_9 to scan_1
   -0.481715     0.876295  -0.00794567     -311.029
    -0.87632    -0.481735 -0.000721523      471.073
 -0.00445987   0.00661547     0.999968    -0.356668
           0            0            0            1

scan_10 to scan_1
  -0.454028    0.890824  -0.0172291    -330.821
  -0.890862   -0.454207 -0.00824242     478.807
  -0.015168   0.0116065    0.999818   -0.402437
          0           0           0           1

scan_11 to scan_1
  -0.451039    0.892492 -0.00529756    -356.934
  -0.892291    -0.45079   0.0247128     488.487
  0.0196678   0.0158734    0.999681   -0.329177
          0           0           0           1

scan_12 to scan_1
  0.899658   0.433702 -0.0502428   -366.482
 -0.435193   0.900036 -0.0234374    486.565
 0.0350554  0.0429506   0.998462  -0.323653
         0          0          0          1

scan_13 to scan_1
  0.903429   0.428213 -0.0213374    -373.16
 -0.428733   0.902633 -0.0380579    470.458
0.00296304  0.0435304   0.999048   -0.86062
         0          0          0          1

scan_14 to scan_1
  0.879161   0.473024 -0.0577074   -378.899
 -0.475352   0.879046 -0.0364335    455.823
 0.0334934  0.0594619   0.997669   -1.17864
         0          0          0          1

scan_15 to scan_1
  0.905983   0.420691 -0.0471629   -388.424
 -0.422392   0.905755 -0.0347129    432.301
 0.0281145  0.0513702   0.998284   -2.27488
         0          0          0          1

scan_16 to scan_1
 -0.924737  -0.380247 -0.0452113   -392.816
  0.381283  -0.925268 -0.0167095    421.593
-0.0354786 -0.0326902   0.998838   -2.75088
         0          0          0          1

scan_17 to scan_1
 -0.871699  -0.490492  -0.036416   -400.161
  0.491452  -0.871572 -0.0246726    405.363
-0.0196578 -0.0393991   0.999033   -3.40092
         0          0          0          1

scan_18 to scan_1
 -0.834493  -0.552281 -0.0192424   -404.648
  0.552615  -0.833895 -0.0316848    392.473
0.00139999 -0.0370777   0.999314   -3.72348
         0          0          0          1

scan_19 to scan_1
 -0.850257  -0.527434 -0.0252693   -408.564
   0.52802  -0.849674 -0.0319066    382.708
-0.00468605 -0.0404673   0.999173   -4.09352
         0          0          0          1

scan_20 to scan_1
  -0.390139    0.921691 -0.00633481    -400.382
  -0.919395   -0.389636   -0.068309     377.218
  -0.065371  -0.0207272    0.997648    -4.17427
          0           0           0           1

scan_21 to scan_1
 -0.537651   0.844139  0.0111769   -384.618
 -0.843369  -0.536474 -0.0519078    370.586
-0.0378225 -0.0372174   0.998593   -4.59173
         0          0          0          1

scan_22 to scan_1
  -0.44558   0.896194 0.00761916   -364.037
   -0.8951  -0.444577 -0.0540057    362.514
-0.0449949 -0.0307711   0.998516   -4.88773
         0          0          0          1

scan_23 to scan_1
 -0.406082   0.914619  0.0182551   -349.103
 -0.913531  -0.404383 -0.0608729    356.774
-0.0482677 -0.0412622   0.997984   -5.51438
         0          0          0          1

scan_24 to scan_1
  -0.50921   0.861554  0.0139134   -326.164
 -0.859912  -0.507076 -0.0720747    347.476
-0.0550101 -0.0485262   0.997309   -6.27282
         0          0          0          1

scan_25 to scan_1
 -0.430346   0.903613 0.00702017   -307.222
 -0.901801  -0.428961 -0.0671969    339.591
 -0.057668 -0.0351274    0.99772   -6.82434
         0          0          0          1

scan_26 to scan_1
  -0.47176    0.88239  0.0243452   -292.269
 -0.880913  -0.468842 -0.0771306    333.946
-0.0566092 -0.0576749   0.996732   -7.25899
         0          0          0          1

scan_27 to scan_1
 -0.408148   0.913565  0.0240691   -269.737
 -0.907157  -0.401811  -0.131848    325.017
 -0.110644 -0.0754537   0.990995   -8.30219
         0          0          0          1

scan_28 to scan_28
 0.340511 -0.940241         0  -252.666
 0.940241  0.340511         0    395.79
       -0         0         1         0
        0         0         0         1

scan_29 to scan_28
   0.378498   -0.925599 -0.00230417    -258.719
   0.925003    0.378342  -0.0350389     397.852
  0.0333037   0.0111308    0.999383   0.0466719
          0           0           0           1

scan_30 to scan_28
 0.294917 -0.955469 0.0101647  -265.757
 0.955478   0.29478 -0.013011    401.07
0.00943534 0.0135493  0.999864 0.0892884
        0         0         0         1

scan_31 to scan_28
   0.357057   -0.934063 -0.00605607     -273.93
   0.934078     0.35707 -0.00124361      404.19
 0.00332413 -0.00521278    0.999981    0.166867
          0           0           0           1

scan_32 to scan_28
   0.269359    -0.96304 5.44824e-07     -280.22
   0.962941    0.269329  -0.0144911     406.306
  0.0139555  0.00390381    0.999895    0.169523
          0           0           0           1

scan_33 to scan_28
    0.307511    -0.951541  -0.00232679     -286.602
    0.951528     0.307519  -0.00561164      408.851
  0.00605534 -0.000488366     0.999982     0.203661
           0            0            0            1

scan_34 to scan_28
    0.429815    -0.902916 -0.000707057     -291.504
    0.902649     0.429705   -0.0241447      410.454
   0.0221046   0.00973952     0.999708     0.211386
           0            0            0            1

scan_35 to scan_28
   0.403233   -0.915081 -0.00545668    -295.645
   0.914678    0.403221  -0.0279338     411.896
   0.027762   0.0062727    0.999595    0.221198
          0           0           0           1

scan_36 to scan_28
   0.465634   -0.884958 -0.00582074    -300.906
   0.884515    0.465592    -0.02933     413.515
   0.028666  0.00850851    0.999553    0.237424
          0           0           0           1

scan_37 to scan_28
   0.453988    -0.89099 -0.00549983     -306.87
   0.890564    0.453947  -0.0288113     415.641
  0.0281673  0.00818203     0.99957    0.266497
          0           0           0           1

scan_38 to scan_28
    0.398851    -0.916958   -0.0102676     -313.426
    0.916708     0.398982    -0.021558      419.792
   0.0238645 -0.000813921     0.999714     0.316952
           0            0            0            1

scan_39 to scan_28
   0.489554   -0.871649  -0.0237904    -319.976
   0.870684    0.490131  -0.0410762     420.742
  0.0474644 -0.00060489    0.998873    0.181777
          0           0           0           1

scan_40 to scan_28
  0.324506  -0.945875 0.00407688   -327.629
  0.945634   0.324316 -0.0245169    423.177
 0.0218678  0.0118111   0.999691  0.0357121
         0          0          0          1

scan_41 to scan_28
  0.473902  -0.880544 -0.0076521   -333.672
  0.879569   0.473754 -0.0438371    425.276
 0.0422257  0.0140439   0.999009  0.0562397
         0          0          0          1

scan_42 to scan_28
    0.504742    -0.862327   -0.0403506     -339.881
    0.863022     0.505171 -0.000548769      427.828
   0.0208571   -0.0345463     0.999185    0.0679249
           0            0            0            1

scan_43 to scan_28
   0.467629    -0.88359  -0.0243281    -349.552
   0.883248    0.468171  -0.0263773     431.416
  0.0346964 -0.00915285    0.999356   -0.053709
          0           0           0           1

scan_45 to scan_45
 0.444484 -0.895787         0  -483.448
 0.895787  0.444484         0  -103.618
       -0         0         1         0
        0         0         0         1

scan_46 to scan_45
   0.475855   -0.879524 5.51197e-05    -509.176
   0.879515     0.47585  0.00439094    -87.1851
-0.00388817 -0.00204098    0.999991    0.015978
          0           0           0           1

scan_47 to scan_45
  -0.905639   -0.424048  0.00113905    -527.678
   0.424044   -0.905639 -0.00217053    -91.8722
 0.00195198 -0.00148271    0.999998   0.0641268
          0           0           0           1

scan_48 to scan_45
  -0.917548   -0.397616  0.00248688    -536.755
   0.397599   -0.917544 -0.00525994     -116.77
 0.00437326 -0.00383747    0.999983  -0.0353346
          0           0           0           1

scan_49 to scan_45
   0.795536   -0.605899  0.00279719    -556.099
   0.605906    0.795519 -0.00518324    -88.8167
0.000915306  0.00581829    0.999983    0.133574
          0           0           0           1

scan_50 to scan_45
 -0.603487  -0.797308  0.0101329     -563.9
  0.797363  -0.603494 0.00271598   -135.064
 0.0039497 0.00971871   0.999946    0.52284
         0          0          0          1

scan_51 to scan_45
 -0.315786   0.948825 0.00316519    -549.07
 -0.948567  -0.315775  0.0225195   -147.719
 0.0223665 0.00410889   0.999742   0.782365
         0          0          0          1

scan_52 to scan_45
-0.945046 -0.326743 0.0113088   -515.76
  0.32693 -0.944714 0.0251513  -164.408
0.00246567 0.0274663   0.99962  0.673992
        0         0         0         1

scan_53 to scan_45
 -0.715202   0.698798  0.0128988   -474.994
 -0.698517  -0.715296  0.0206589   -170.136
 0.0236628 0.00576521   0.999704   0.370375
         0          0          0          1

scan_54 to scan_54
   -0.880302    -0.474414 -1.93923e-07     -235.093
    0.474414    -0.880302  4.89281e-08      292.318
-1.93923e-07 -4.89281e-08            1            0
           0            0            0            1

scan_55 to scan_54
  -0.910061   -0.414414  0.00719402    -245.825
   0.414381   -0.910086 -0.00557398     264.694
 0.00885711 -0.00209159    0.999959  -0.0521053
          0           0           0           1

scan_56 to scan_54
   -0.907113     -0.42082  -0.00762079     -246.044
    0.420835    -0.907137 -0.000395599      264.066
 -0.00674667  -0.00356594     0.999971    -0.141891
           0            0            0            1

scan_57 to scan_57
0.402067 -0.91561        0 -154.313
 0.91561 0.402067        0  200.986
      -0        0        1        0
       0        0        0        1

scan_59 to scan_59
   -0.833689    -0.552234 -1.91504e-07     -263.486
    0.552234    -0.833689  5.76734e-08      223.747
-1.91504e-07 -5.76734e-08            1            0
           0            0            0            1

scan_60 to scan_59
 -0.895693  -0.444208 -0.0203213   -270.279
   0.44416   -0.89592 0.00706136     197.74
 -0.021343 -0.0027011   0.999769 -0.0981109
         0          0          0          1

scan_61 to scan_59
  -0.882624    -0.46996   0.0105782    -282.844
   0.469777   -0.882641  -0.0159755     169.615
  0.0168445 -0.00913096    0.999817   -0.163213
          0           0           0           1

scan_62 to scan_59
 -0.844828  -0.534535   0.023176   -292.932
  0.533307  -0.844787 -0.0438025    144.896
 0.0429928 -0.0246457   0.998772  -0.100252
         0          0          0          1

scan_63 to scan_59
  -0.867874   -0.496748  0.00584936    -309.634
   0.496699   -0.867885 -0.00806808     100.905
 0.00908429 -0.00409672    0.999951   0.0294585
          0           0           0           1

scan_64 to scan_59
  -0.456065    0.889946 9.15853e-05    -300.605
  -0.889658    -0.45592   0.0254108     56.5791
  0.0226559   0.0115075    0.999678    0.515034
          0           0           0           1

scan_65 to scan_59
   -0.419396     0.907772   0.00749085     -269.639
   -0.907635    -0.419463     0.015769      44.5086
   0.0174568 -0.000185414     0.999848     0.756804
           0            0            0            1

scan_66 to scan_59
  -0.438158    0.898897 0.000909777    -240.114
  -0.898535   -0.438011   0.0279298     33.4819
  0.0255045   0.0114203    0.999609     1.03416
          0           0           0           1

scan_67 to scan_59
 -0.536226   0.844068 0.00329865   -219.698
 -0.843752  -0.536125  0.0255288    25.8434
 0.0233165   0.010906   0.999668    1.33354
         0          0          0          1

scan_68 to scan_59
 -0.466048    0.88473 0.00714738   -201.865
 -0.884507  -0.466093  0.0200671    18.7623
 0.0210853 0.00303037   0.999773    1.41216
         0          0          0          1

scan_69 to scan_59
-0.516857  0.855855 0.0192981  -171.508
-0.854311 -0.517108 0.0524455   7.52294
 0.054865 0.0106203  0.998437   1.66415
        0         0         0         1

scan_70 to scan_59
  -0.491437    0.870731    0.017828    -148.651
  -0.870293   -0.491757   0.0276382   -0.800365
  0.0328325 -0.00193307    0.999458     1.86312
          0           0           0           1

scan_71 to scan_59
 -0.297051   0.952924  0.0608103   -131.523
 -0.953874  -0.299036   0.026454   -9.04758
 0.0433933 -0.0501471   0.997798    1.85298
         0          0          0          1

scan_72 to scan_59
  0.911018   0.411402  0.0282134   -125.812
 -0.411864   0.911154  0.0128964    15.5445
-0.0204012 -0.0233691   0.999517    1.90152
         0          0          0          1

scan_73 to scan_59
  0.915408   0.402267  0.0144871   -115.223
 -0.402493   0.915212  0.0196864    42.8061
-0.00533955 -0.0238522     0.9997     1.5012
         0          0          0          1

scan_74 to scan_59
   0.932915    0.360092 -0.00216598     -104.65
   -0.35985    0.932478   0.0315059     71.3315
  0.0133647   -0.028613    0.999501    0.399202
          0           0           0           1

scan_75 to scan_59
    0.9271   0.374813 0.00107782   -95.7395
 -0.374596   0.926458  0.0367899    95.8198
 0.0127907 -0.0345119   0.999322  -0.519012
         0          0          0          1

scan_76 to scan_59
   0.878287     0.47812 -0.00398041    -88.1448
  -0.477729     0.87785    0.033974     116.866
  0.0197378  -0.0279375    0.999414    -1.13027
          0           0           0           1

scan_77 to scan_59
  0.919586   0.391326  0.0350327   -76.5173
 -0.391887   0.919952  0.0106172    150.128
-0.0280735 -0.0234925   0.999329   -2.26078
         0          0          0          1

scan_78 to scan_59
  0.901522   0.432727 -0.0029164    -61.906
 -0.432059   0.900466  0.0498916    191.517
 0.0242155 -0.0437184    0.99875   -3.64287
         0          0          0          1

scan_79 to scan_59
    0.7673   0.641072 -0.0167122   -49.0848
 -0.638513    0.76614   0.073025    224.828
  0.059618 -0.0453612    0.99719   -5.33096
         0          0          0          1

scan_80 to scan_59
  0.465933  -0.883914 -0.0400483   -61.4836
  0.883681    0.46256  0.0717325    230.562
-0.0448807 -0.0688122   0.996619   -6.38289
         0          0          0          1

scan_81 to scan_59
  0.431925  -0.900308 -0.0537549   -79.2992
  0.901216   0.428489  0.0648564    236.137
-0.0353572 -0.0764576   0.996445   -7.69503
         0          0          0          1

scan_82 to scan_59
  0.412163  -0.909265 -0.0579781   -102.457
  0.910946   0.410046  0.0451629    243.724
-0.0172914 -0.0714292   0.997295   -9.43943
         0          0          0          1

