scan_1 to scan_1
    -0.46347     0.886113 -1.71083e-07     -230.317
   -0.886113     -0.46347 -1.03589e-07      438.186
-1.71083e-07  1.03589e-07            1            0
           0            0            0            1

scan_2 to scan_1
  -0.417398    0.908665   0.0103224    -249.441
  -0.908528   -0.417517   0.0160405     444.534
  0.0188852 -0.00268291    0.999818     0.19185
          0           0           0           1

scan_3 to scan_1
   -0.463767     0.885957 -0.000822962     -273.511
   -0.885658    -0.463586    0.0264263      455.249
    0.023031    0.0129846      0.99965     0.222345
           0            0            0            1

scan_4 to scan_1
  -0.430552    0.902496   0.0112206    -297.568
  -0.902263   -0.430695   0.0206067     465.177
  0.0234301 -0.00125151    0.999725    0.611717
          0           0           0           1

scan_5 to scan_1
  -0.46976   0.882624 -0.0173449   -225.213
  -0.88279  -0.469607  0.0123005    437.129
0.00271145  0.0210902   0.999774   0.121816
         0          0          0          1

scan_6 to scan_1
  -0.44246   0.896782  0.0034165     -258.1
 -0.896741  -0.442394 -0.0120218     450.58
-0.00926954 -0.0083828   0.999922  0.0937266
         0          0          0          1

scan_7 to scan_1
  -0.414637    0.909978 -0.00407272    -277.234
  -0.909882   -0.414517   0.0170784     458.074
  0.0138527   0.0107871    0.999847    0.235274
          0           0           0           1

scan_8 to scan_1
 -0.392998   0.919467  0.0115415   -292.955
 -0.918909  -0.393162  0.0321215     463.67
 0.0340724 0.00201812   0.999418   0.826616
         0          0          0          1

scan_9 to scan_1
   -0.48211    0.876106 -0.00409856    -310.951
  -0.875421   -0.481536   0.0420736     470.784
  0.0348873   0.0238722    0.999107     1.12866
          0           0           0           1

scan_10 to scan_1
  -0.458611    0.888622 -0.00590093    -330.851
  -0.888191   -0.458157   0.0348739     478.615
  0.0282862   0.0212348    0.999375    0.853996
          0           0           0           1

scan_11 to scan_1
-0.454827  0.890433 0.0163802  -356.927
-0.887493 -0.454703 0.0748978   488.422
0.0741392 0.0195284  0.997057   1.33918
        0         0         0         1

scan_12 to scan_1
   0.898291    0.438888  -0.0213693    -366.579
  -0.438735    0.898545   0.0116673     486.737
   0.024322 -0.00110539    0.999704     1.77653
          0           0           0           1

scan_13 to scan_1
   0.901405    0.432854   0.0106423     -373.36
   -0.43286    0.901463 -0.00191297     470.742
 -0.0104215 -0.00288246    0.999941       2.645
          0           0           0           1

scan_14 to scan_1
   0.879211    0.474677  -0.0409628    -378.709
  -0.475242    0.879847 -0.00473165     457.232
   0.033795    0.023627    0.999149     3.48654
          0           0           0           1

scan_15 to scan_1
    0.90784    0.419035  -0.0157717    -388.332
  -0.418926    0.907974  0.00985922     433.654
  0.0184518 -0.00234362    0.999827     4.59331
          0           0           0           1

scan_16 to scan_1
 -0.927166  -0.376157 -0.0253971   -392.379
  0.375036  -0.927105  0.0399701    423.429
-0.0385807   0.027534   0.998878    5.38199
         0          0          0          1

scan_17 to scan_1
-0.876072 -0.483891 -0.010839  -399.807
 0.483381 -0.875857 0.0314143   407.207
-0.0247243 0.0222825  0.999448   6.15484
        0         0         0         1

scan_18 to scan_1
-0.839303  -0.54518 0.0107928  -404.224
 0.545262  -0.83892 0.0258324   394.377
-0.00509619 0.0275521   0.99961   7.39227
        0         0         0         1

scan_19 to scan_1
  -0.855128   -0.520089 -0.00557839    -407.912
   0.520003   -0.855116   0.0117733     384.818
 -0.0109491  0.00719108    0.999917     8.58503
          0           0           0           1

scan_20 to scan_1
 -0.381832   0.924781  0.0274124   -399.914
 -0.924886  -0.380784 -0.0367918     379.54
-0.0234966  -0.039264   0.998955     9.3176
         0          0          0          1

scan_21 to scan_1
 -0.528085   0.848287  0.0574671   -384.201
  -0.85021  -0.527331 -0.0287884    373.129
 0.0059092 -0.0638739   0.997943    8.69724
         0          0          0          1

scan_22 to scan_1
 -0.433956   0.899536  0.0654582   -363.523
 -0.901905  -0.432493 -0.0358024    365.303
-0.00384445 -0.0743716   0.997226    7.63628
         0          0          0          1

scan_23 to scan_1
 -0.391866   0.908071   0.153674   -349.253
 -0.920756  -0.389975 -0.0435182     359.77
 0.0204228  -0.158202   0.987198    6.07414
         0          0          0          1

scan_24 to scan_1
 -0.498474   0.854882   0.149898   -326.441
 -0.867272  -0.497308 -0.0478468    350.807
 0.0336219  -0.153509   0.987578     2.4267
         0          0          0          1

scan_25 to scan_1
 -0.416888   0.898966   0.140828   -307.573
 -0.909589  -0.415945 -0.0374609    343.063
 0.0249022   -0.14339   0.989356  -0.379793
         0          0          0          1

scan_26 to scan_1
  -0.45727   0.874478   0.167215   -292.768
 -0.889327  -0.457509 -0.0393492    337.545
 0.0420606  -0.166337   0.985174   -2.45057
         0          0          0          1

scan_27 to scan_1
-0.399785  0.863182  0.311218  -271.859
-0.917283 -0.384492 -0.111909   328.991
0.0230695 -0.329567  0.943854  -7.48461
        0         0         0         1

scan_28 to scan_28
 0.340511 -0.940241         0  -252.666
 0.940241  0.340511         0    395.79
       -0         0         1         0
        0         0         0         1

scan_29 to scan_28
   0.380006   -0.924961 -0.00643446    -258.556
   0.924556    0.380033  -0.0277764     397.718
  0.0281373  0.00460618    0.999593    0.212928
          0           0           0           1

scan_30 to scan_28
    0.29596   -0.955171  0.00737155     -265.53
     0.9552    0.295953 -0.00208882     400.898
-0.000186568  0.00765952    0.999971    0.328192
          0           0           0           1

scan_31 to scan_28
   0.357753    -0.93381 -0.00326554    -273.718
   0.933754    0.357687   0.0127195     403.975
 -0.0107098 -0.00759961    0.999914     0.61938
          0           0           0           1

scan_32 to scan_28
    0.270214      -0.9628 -0.000122772     -279.937
    0.962797     0.270213  -0.00250581      406.053
  0.00244559  0.000558977     0.999997      1.05365
           0            0            0            1

scan_33 to scan_28
   0.309034   -0.951026 -0.00665445    -286.242
    0.95105     0.30902  0.00307189     408.591
-0.000865278 -0.00727796    0.999973     1.30357
          0           0           0           1

scan_34 to scan_28
   0.431898   -0.901883 -0.00827838    -291.141
   0.901818    0.431969  -0.0112483     410.139
  0.0137204 -0.00260744    0.999902     1.55862
          0           0           0           1

scan_35 to scan_28
  0.405497   -0.91395 -0.0162889   -295.228
  0.913857   0.405734 -0.0156762     411.58
  0.020936  -0.008529   0.999744    1.74128
         0          0          0          1

scan_36 to scan_28
  0.468324  -0.883338 -0.0195514   -300.454
  0.883321   0.468595 -0.0127039    413.138
 0.0203833 -0.0113206   0.999727    1.81789
         0          0          0          1

scan_37 to scan_28
  0.457631  -0.888969  -0.017467   -306.408
  0.888972   0.457839 -0.0105657    415.266
 0.0173894 -0.0106925   0.999791    1.84811
         0          0          0          1

scan_38 to scan_28
   0.401902   -0.915495  -0.0184547     -312.96
   0.915616    0.402033 -0.00393706     419.447
  0.0110235   -0.015315    0.999822     1.96607
          0           0           0           1

scan_39 to scan_28
  0.492661  -0.869677 -0.0307215    -319.53
  0.869564   0.493354 -0.0214443    420.363
  0.033806 -0.0161495   0.999298    1.93863
         0          0          0          1

scan_40 to scan_28
   0.327848   -0.944729 0.000263562    -327.248
   0.944727    0.327845 -0.00299235     422.795
 0.00274029   0.0012301    0.999995     1.91798
          0           0           0           1

scan_41 to scan_28
   0.478813   -0.877817   -0.013145    -333.211
   0.877439    0.478992  -0.0258507     424.988
  0.0289884 0.000843807    0.999579     1.72673
          0           0           0           1

scan_42 to scan_28
  0.511613  -0.857454 -0.0549747    -339.26
  0.859153   0.511302  0.0206487    427.646
 0.0104032 -0.0577959   0.998274    1.71467
         0          0          0          1

scan_43 to scan_28
  0.473028  -0.880582 -0.0285876   -348.938
   0.88042   0.473666 -0.0223696    431.421
 0.0332391 -0.0145877    0.99934    1.76771
         0          0          0          1

scan_45 to scan_45
 0.444484 -0.895787         0  -483.448
 0.895787  0.444484         0  -103.618
       -0         0         1         0
        0         0         0         1

scan_46 to scan_45
  0.471321  -0.881587  0.0257126   -509.346
  0.881783   0.471613 0.00642963   -87.1546
-0.0177947  0.0196424   0.999649   0.628073
         0          0          0          1

scan_47 to scan_45
   -0.90672   -0.420951   0.0256908    -527.779
   0.420883   -0.907078 -0.00823486     -91.873
    0.02677  0.00334618    0.999636     1.47854
          0           0           0           1

scan_48 to scan_45
  -0.918891   -0.393533   0.0277765    -536.816
   0.393195   -0.919299  -0.0169637    -116.812
  0.0322107 -0.00466619     0.99947      1.8051
          0           0           0           1

scan_49 to scan_45
  0.791748  -0.610228   0.027522   -556.304
  0.610734   0.791667 -0.0163358   -89.0394
-0.0118198  0.0297424   0.999488    3.45223
         0          0          0          1

scan_50 to scan_45
 -0.604815  -0.795392   0.039392   -564.057
  0.794909   -0.60596 -0.0305437   -134.817
 0.0481641  0.0128398   0.998757      2.359
         0          0          0          1

scan_51 to scan_45
  -0.31319   0.949198  0.0305857   -549.262
 -0.949673  -0.312828 -0.0161099   -147.424
-0.00572329 -0.0340918   0.999402    2.04969
         0          0          0          1

scan_52 to scan_45
 -0.945632  -0.322243  0.0440562   -516.064
  0.322162  -0.946641 -0.0091249   -164.012
 0.0446457 0.00556456   0.998988   0.848463
         0          0          0          1

scan_53 to scan_45
-0.710291  0.701966 0.0522589  -475.382
-0.703341 -0.710742 -0.012632  -169.527
0.0282754 -0.045728  0.998554 -0.678059
        0         0         0         1

scan_54 to scan_54
   -0.880302    -0.474414 -1.93923e-07     -235.093
    0.474414    -0.880302  4.89281e-08      292.318
-1.93923e-07 -4.89281e-08            1            0
           0            0            0            1

scan_55 to scan_54
  -0.910693   -0.412925  -0.0114529    -245.597
   0.412973   -0.910741 -0.00207045       264.6
 -0.0095757 -0.00661529    0.999932   0.0636238
          0           0           0           1

scan_56 to scan_54
 -0.907106  -0.419116 -0.0387359   -244.463
  0.417584  -0.907668   0.041975    267.247
-0.0527517  0.0219003   0.998368   0.447911
         0          0          0          1

scan_57 to scan_57
0.402067 -0.91561        0 -154.313
 0.91561 0.402067        0  200.986
      -0        0        1        0
       0        0        0        1

scan_59 to scan_59
   -0.833689    -0.552234 -1.91504e-07     -263.486
    0.552234    -0.833689  5.76734e-08      223.747
-1.91504e-07 -5.76734e-08            1            0
           0            0            0            1

scan_60 to scan_59
 -0.897486  -0.440376 -0.0242388    -270.01
  0.440169  -0.897812  0.0135883     198.35
-0.0277459 0.00152613   0.999614   0.442171
         0          0          0          1

scan_61 to scan_59
 -0.886248  -0.462585  0.0240541    -282.58
  0.462213  -0.886552 -0.0195757    170.283
 0.0303807 -0.0062308   0.999519    1.14761
         0          0          0          1

scan_62 to scan_59
  -0.84847  -0.527993  0.0363491   -292.432
  0.526214   -0.84896 -0.0486368    145.527
 0.0565388 -0.0221395   0.998155     1.3936
         0          0          0          1

scan_63 to scan_59
    -0.87209    -0.489284   0.00765567     -308.669
     0.48926    -0.872124  -0.00492137      101.129
  0.00908461 -0.000546265     0.999958   -0.0125405
           0            0            0            1

scan_64 to scan_59
 -0.452131   0.891859 -0.0127826   -299.498
 -0.891475  -0.451375  0.0391229    56.4314
 0.0291223  0.0290841   0.999153   0.974014
         0          0          0          1

scan_65 to scan_59
 -0.415741   0.909469 0.00475139   -268.586
 -0.909054    -0.4157  0.0285097    44.5853
 0.0279038 0.00753343   0.999582    1.71671
         0          0          0          1

scan_66 to scan_59
 -0.432847   0.901417 0.00939805   -239.215
 -0.899649  -0.432612  0.0589565     33.513
 0.0572101  0.0170642   0.998217    2.38585
         0          0          0          1

scan_67 to scan_59
-0.529675  0.847862 0.0238822   -218.84
-0.845388     -0.53 0.0664501   25.8377
0.0689981 0.0150072  0.997504   2.82601
        0         0         0         1

scan_68 to scan_59
   -0.45592    0.889029   0.0419497    -201.126
  -0.886997   -0.457748   0.0608267     18.8644
  0.0732791 -0.00947712    0.997267     2.81923
          0           0           0           1

scan_69 to scan_59
 -0.503773   0.861932  0.0572802   -170.649
 -0.855443  -0.507001   0.105663    7.72245
  0.120116 0.00423024   0.992751    2.12698
         0          0          0          1

scan_70 to scan_59
  -0.479614     0.87615   0.0482312    -147.564
  -0.872424   -0.482022   0.0808019   -0.379482
  0.0940432 -0.00332433    0.995563     2.18374
          0           0           0           1

scan_71 to scan_59
 -0.282482    0.95399   0.100514   -130.422
 -0.953642  -0.290612  0.0781556   -8.44402
  0.103771 -0.0737774   0.991862    2.48274
         0          0          0          1

scan_72 to scan_59
  0.914378   0.393351  0.0958279   -125.454
 -0.400004   0.914282  0.0638872    16.1241
-0.0624839 -0.0967489   0.993346    1.67816
         0          0          0          1

scan_73 to scan_59
 0.919317  0.381654  0.095866  -115.952
-0.388871  0.918407 0.0728469   43.4646
-0.0602418 -0.104249  0.992726 -0.583027
        0         0         0         1

scan_74 to scan_59
 0.946103  0.312587 0.0846876   -106.72
-0.320567  0.941081  0.107705   70.3789
-0.0460309 -0.129048  0.990571  -3.71761
        0         0         0         1

scan_75 to scan_59
 0.940497  0.328589 0.0865401  -99.1347
-0.336936  0.934796  0.112379   94.8172
-0.0439711  -0.13485  0.989891  -6.82435
        0         0         0         1

scan_76 to scan_59
 0.897321  0.432897 0.0860767  -92.5984
-0.440392  0.891124  0.109324   116.107
-0.029379 -0.136007  0.990273  -9.37604
        0         0         0         1

scan_77 to scan_59
 0.927748  0.346323  0.139058  -82.9864
-0.358772  0.930257 0.0768244   148.935
-0.102754 -0.121164  0.987301  -13.2442
        0         0         0         1

scan_78 to scan_59
 0.912765  0.391774   0.11561  -71.1153
-0.405611  0.902763  0.143167   189.724
-0.0482796 -0.177572  0.982924  -19.0514
        0         0         0         1

scan_79 to scan_59
 0.795183    0.5984 0.0979538  -59.6579
 -0.60564  0.775918  0.176489   222.784
0.0296074 -0.199667  0.979418  -25.6003
        0         0         0         1

scan_80 to scan_59
   0.418766   -0.904799   0.0772504    -72.3306
   0.887562    0.425799    0.175856     227.853
  -0.192008 -0.00507817    0.981382    -25.4802
          0           0           0           1

scan_81 to scan_59
  0.386964  -0.919941  0.0629293   -90.5433
   0.90187   0.391809    0.18197    232.569
 -0.192058 -0.0136621    0.98129   -24.9525
         0          0          0          1

scan_82 to scan_59
  0.334453  -0.942257  0.0169211   -111.211
  0.921344   0.330698    0.20436    237.784
 -0.198156 -0.0527594   0.978752   -24.5196
         0          0          0          1

