scan_1 to scan_1
    -0.46347     0.886113 -1.71083e-07     -230.317
   -0.886113     -0.46347 -1.03589e-07      438.186
-1.71083e-07  1.03589e-07            1            0
           0            0            0            1

scan_2 to scan_1
  -0.418815    0.908008   0.0107619    -249.435
   -0.90791   -0.418935   0.0139365     444.562
  0.0171629 -0.00393396    0.999845   0.0817822
          0           0           0           1

scan_3 to scan_1
 -0.463571   0.886029 0.00752633   -273.578
 -0.885791  -0.463623  0.0207355    455.306
 0.0218616 0.00294563   0.999757   0.118085
         0          0          0          1

scan_4 to scan_1
   -0.43182    0.901913  0.00930952     -297.67
  -0.901894   -0.431891  0.00771687      465.36
  0.0109806 -0.00506389    0.999928    0.239886
          0           0           0           1

scan_5 to scan_1
  -0.469228    0.883039 -0.00815989    -225.269
   -0.88306   -0.469142   0.0105043     437.158
 0.00544755   0.0121345    0.999911  -0.0142005
          0           0           0           1

scan_6 to scan_1
  -0.442525    0.896756 -0.00026608    -258.076
  -0.896738   -0.442517 -0.00632756     450.568
 -0.0057921 -0.00256153    0.999979    -0.16557
          0           0           0           1

scan_7 to scan_1
 -0.415036    0.90979 -0.0053295   -277.284
 -0.909592  -0.414804  0.0241195    458.046
  0.019733  0.0148581   0.999694  -0.464696
         0          0          0          1

scan_8 to scan_1
 -0.391838    0.91994 -0.0132108   -292.788
 -0.920026   -0.39173  0.0100186    463.807
0.00404144  0.0160799   0.999862  -0.727449
         0          0          0          1

scan_9 to scan_1
  -0.483419    0.875182   -0.019233    -310.991
  -0.875351   -0.483495 0.000795638     471.017
-0.00860268   0.0172202    0.999814   -0.908646
          0           0           0           1

scan_10 to scan_1
  -0.456726    0.889102   -0.030112    -330.753
  -0.889343   -0.457159 -0.00910178     478.862
 -0.0218583   0.0226228    0.999504    -1.13643
          0           0           0           1

scan_11 to scan_1
 -0.454142   0.890692 -0.0207483   -356.769
 -0.890847   -0.45365  0.0245239    488.636
 0.0124306  0.0296207   0.999483   -1.37167
         0          0          0          1

scan_12 to scan_1
  0.897728   0.435427 -0.0670585   -366.325
 -0.437822   0.898697 -0.0257804    486.757
 0.0490393  0.0525031   0.997415   -1.53027
         0          0          0          1

scan_13 to scan_1
  0.902196   0.429947 -0.0345927   -373.073
 -0.431152    0.90125 -0.0431892    470.695
 0.0126075  0.0538794   0.998467   -2.07305
         0          0          0          1

scan_14 to scan_1
  0.877629   0.474348  -0.069072   -378.865
 -0.477644   0.877527 -0.0425767    456.102
 0.0404159  0.0703578   0.996702   -2.54988
         0          0          0          1

scan_15 to scan_1
  0.905016   0.421105 -0.0602533    -388.36
 -0.423767   0.904841 -0.0412143    432.609
 0.0371637  0.0628324   0.997331   -3.97713
         0          0          0          1

scan_16 to scan_1
  -0.92388  -0.380423 -0.0591346   -392.728
  0.382055   -0.92491 -0.0188358    421.919
-0.0475281 -0.0399945   0.998072    -4.5052
         0          0          0          1

scan_17 to scan_1
 -0.870464  -0.491399 -0.0508651   -400.129
  0.493168   -0.87041 -0.0307513    405.646
 -0.029185 -0.0518415   0.998231   -5.32963
         0          0          0          1

scan_18 to scan_1
 -0.833207  -0.553679 -0.0311717   -404.657
   0.55454  -0.832325 -0.0386298    392.796
-0.00461673 -0.0494706   0.998767   -5.82539
         0          0          0          1

scan_19 to scan_1
 -0.848875  -0.528533 -0.0427686   -408.447
  0.530003  -0.848226 -0.0371402    383.103
 -0.016689 -0.0541825   0.998394   -6.25848
         0          0          0          1

scan_20 to scan_1
 -0.391127   0.921028    -0.0222   -400.301
 -0.918086  -0.391666 -0.0740734    377.601
-0.0768543 -0.0084927   0.997009   -6.25084
         0          0          0          1

scan_21 to scan_1
  -0.537626    0.844214 -0.00513883    -384.525
  -0.842599   -0.536958  -0.0589469     370.928
 -0.0525145  -0.0272432    0.998251    -6.39863
          0           0           0           1

scan_22 to scan_1
 -0.442281   0.897781 -0.0119808   -363.841
 -0.895989  -0.442184 -0.0587308    362.851
-0.0579986 -0.0151353   0.998205   -6.40956
         0          0          0          1

scan_23 to scan_1
 -0.401437   0.916778 -0.0114815   -348.744
 -0.914936  -0.401379 -0.0596497    357.075
-0.0592615  -0.013335   0.998157   -6.55339
         0          0          0          1

scan_24 to scan_1
 -0.504342   0.864408 -0.0142564   -325.781
  -0.86186  -0.504016 -0.0702626    347.846
-0.0678824 -0.0230354   0.997431    -6.5652
         0          0          0          1

scan_25 to scan_1
 -0.424762   0.906061 -0.0198865   -306.796
 -0.903707  -0.425111 -0.0660838    340.027
-0.0682837 -0.0100003    0.99762   -6.59203
         0          0          0          1

scan_26 to scan_1
  -0.466026    0.885755 -0.00492414    -291.796
  -0.883058    -0.46503  -0.0756895     334.442
 -0.0692878  -0.0307938    0.997125     -6.6067
          0           0           0           1

scan_27 to scan_1
 -0.399654   0.917567 -0.0106501   -269.218
 -0.910941  -0.398116  -0.116034    325.515
 -0.110586  -0.036525   0.993199   -6.74665
         0          0          0          1

scan_28 to scan_28
 0.340511 -0.940241         0  -252.666
 0.940241  0.340511         0    395.79
       -0         0         1         0
        0         0         0         1

scan_29 to scan_28
   0.379165   -0.925327 -0.00152866    -258.725
   0.924757    0.378988  -0.0345255      397.85
  0.0325268   0.0116773    0.999403   0.0501989
          0           0           0           1

scan_30 to scan_28
  0.295895  -0.955144  0.0120658   -265.764
  0.955189   0.295758 -0.0119212    401.067
0.00781793  0.0150526   0.999856   0.106656
         0          0          0          1

scan_31 to scan_28
   0.357865   -0.933768  -0.0034546    -273.934
   0.933774    0.357864 0.000883503     404.192
0.000411319 -0.00354184    0.999993     0.20317
          0           0           0           1

scan_32 to scan_28
  0.270236  -0.962792 0.00259788   -280.219
  0.962734   0.270188 -0.0119316    406.308
 0.0107857 0.00572552   0.999926   0.215888
         0          0          0          1

scan_33 to scan_28
   0.308625   -0.951184 0.000230425    -286.594
   0.951174    0.308621 -0.00457036     408.878
 0.00427616  0.00162983     0.99999    0.267128
          0           0           0           1

scan_34 to scan_28
  0.430879  -0.902406 0.00258878   -291.489
  0.902211   0.430722 -0.0221988    410.475
 0.0189173  0.0119008    0.99975   0.290906
         0          0          0          1

scan_35 to scan_28
   0.405015   -0.914308 -0.00165465    -295.607
    0.91398    0.404917  -0.0261314     411.933
  0.0245622  0.00907142    0.999657    0.311216
          0           0           0           1

scan_36 to scan_28
  0.467438  -0.884024 -0.0021277   -300.845
  0.883674   0.467319  -0.027072    413.555
 0.0249266  0.0107744   0.999632   0.343181
         0          0          0          1

scan_37 to scan_28
   0.456118   -0.889918 -0.00148945    -306.803
   0.889588    0.455994  -0.0264984     415.693
  0.0242606   0.0107615    0.999649    0.388985
          0           0           0           1

scan_38 to scan_28
   0.400066   -0.916483 -0.00265716    -313.365
   0.916267    0.400033  -0.0206791     419.866
   0.020015  0.00583847    0.999783    0.464287
          0           0           0           1

scan_39 to scan_28
  0.491302  -0.870842 -0.0160665   -319.904
  0.869901   0.491527 -0.0409023    420.852
 0.0435165 0.00611922   0.999035   0.378975
         0          0          0          1

scan_40 to scan_28
  0.325569  -0.945435  0.0126333    -327.55
  0.945368    0.32525 -0.0221936     423.27
 0.0168735  0.0191689   0.999675   0.312716
         0          0          0          1

scan_41 to scan_28
  0.474499  -0.880251 0.00330593   -333.599
  0.879628   0.474016 -0.0395539    425.331
 0.0332502  0.0216765   0.999213   0.369221
         0          0          0          1

scan_42 to scan_28
  0.504891  -0.862559 -0.0328736   -339.781
  0.863108   0.504984 0.00604254     427.87
 0.0113885  -0.031424   0.999443   0.342077
         0          0          0          1

scan_43 to scan_28
    0.466273    -0.884546   -0.0131286     -349.469
    0.884227     0.466458   -0.0236965      431.467
   0.0270845 -0.000559305     0.999635      0.33034
           0            0            0            1

scan_45 to scan_45
 0.444484 -0.895787         0  -483.448
 0.895787  0.444484         0  -103.618
       -0         0         1         0
        0         0         0         1

scan_46 to scan_45
    0.475527    -0.879701 -0.000372504     -509.149
    0.879697     0.475523   0.00312822     -87.1804
 -0.00257477  -0.00181524     0.999995   0.00272403
           0            0            0            1

scan_47 to scan_45
  -0.905595   -0.424142 0.000906568    -527.625
   0.424138   -0.905592 -0.00317412    -91.8603
 0.00216726 -0.00248994    0.999994   0.0318171
          0           0           0           1

scan_48 to scan_45
  -0.917699   -0.397274  0.00168532    -536.708
   0.397262   -0.917692 -0.00492505    -116.788
  0.0035032 -0.00385018    0.999986  -0.0722973
          0           0           0           1

scan_49 to scan_45
   0.794956   -0.606664  0.00163047    -556.078
   0.606665    0.794946 -0.00427373    -88.8215
 0.00129657  0.00438658    0.999989   0.0769177
          0           0           0           1

scan_50 to scan_45
 -0.604745  -0.796338  0.0113308   -563.911
  0.796397  -0.604774 0.00111418   -135.125
0.00596528 0.00969766   0.999935    0.48544
         0          0          0          1

scan_51 to scan_45
  -0.314257    0.949328  0.00427051    -549.073
  -0.949236   -0.314286   0.0132019      -147.7
  0.0138752 9.50697e-05    0.999904    0.528117
          0           0           0           1

scan_52 to scan_45
-0.945547 -0.325331 0.0100183  -515.763
 0.325466 -0.945379 0.0181688  -164.342
0.00356019 0.0204402  0.999785  0.245197
        0         0         0         1

scan_53 to scan_45
  -0.713681    0.700394   0.0102977    -474.971
   -0.70023   -0.713744   0.0156751     -170.02
  0.0183288  0.00397625    0.999824 -0.00112236
          0           0           0           1

scan_54 to scan_54
   -0.880302    -0.474414 -1.93923e-07     -235.093
    0.474414    -0.880302  4.89281e-08      292.318
-1.93923e-07 -4.89281e-08            1            0
           0            0            0            1

scan_55 to scan_54
  -0.910728   -0.412944   0.0071811    -245.832
   0.412902   -0.910751 -0.00670641     264.648
 0.00930957 -0.00314263    0.999952  -0.0604781
          0           0           0           1

scan_56 to scan_54
  -0.907492   -0.420067  0.00164292    -246.194
   0.420053   -0.907482 -0.00559684     264.083
 0.00384197 -0.00438897    0.999983  -0.0652648
          0           0           0           1

scan_57 to scan_57
0.402067 -0.91561        0 -154.313
 0.91561 0.402067        0  200.986
      -0        0        1        0
       0        0        0        1

scan_59 to scan_59
   -0.833689    -0.552234 -1.91504e-07     -263.486
    0.552234    -0.833689  5.76734e-08      223.747
-1.91504e-07 -5.76734e-08            1            0
           0            0            0            1

scan_60 to scan_59
  -0.895831   -0.444091   -0.016472    -270.344
   0.444101   -0.895971  0.00322724      197.73
 -0.0161916 -0.00442416    0.999859   0.0142052
          0           0           0           1

scan_61 to scan_59
 -0.881603  -0.471648  0.0180151   -282.987
  0.471164  -0.881675 -0.0255753    169.711
 0.0279461 -0.0140592    0.99951 -0.0933146
         0          0          0          1

scan_62 to scan_59
 -0.843915  -0.535624    0.03023   -293.116
  0.533755  -0.843969 -0.0531083    145.022
 0.0539593 -0.0286834   0.998131  -0.206038
         0          0          0          1

scan_63 to scan_59
  -0.868333   -0.495952 -0.00541734    -309.812
   0.495872   -0.867862  -0.0304428     100.947
  0.0103967  -0.0291208    0.999522    -1.42094
          0           0           0           1

scan_64 to scan_59
 -0.455533   0.890093 -0.0149849   -300.881
 -0.890208  -0.455547 0.00263436    56.3638
-0.00448151  0.0145397   0.999884   -1.84715
         0          0          0          1

scan_65 to scan_59
  -0.421465    0.906765  -0.0120833    -269.762
  -0.906811   -0.421527 -0.00302806     44.2339
-0.00783916  0.00968097    0.999923    -1.25465
          0           0           0           1

scan_66 to scan_59
 -0.439005   0.898411 -0.0115749   -240.393
 -0.898478  -0.439017 0.00154918     33.245
-0.0036898  0.0110798   0.999932  -0.965967
         0          0          0          1

scan_67 to scan_59
  -0.536728    0.843679   -0.011438    -219.993
  -0.843739   -0.536756 0.000653882      25.583
-0.00558776   0.0100016    0.999935   -0.670422
          0           0           0           1

scan_68 to scan_59
   -0.46627    0.884596 -0.00920542    -202.135
  -0.884605   -0.466321 -0.00461419     18.4786
-0.00837437   0.0059916    0.999948   -0.420954
          0           0           0           1

scan_69 to scan_59
 -0.517113   0.855896 -0.0060378   -171.618
 -0.855916  -0.517116 0.00116214    7.53786
-0.00212756 0.00576872   0.999981  -0.335863
         0          0          0          1

scan_70 to scan_59
  -0.491003    0.871122 -0.00791655    -148.735
  -0.870802   -0.491041  -0.0241826   -0.770574
 -0.0249534 -0.00498001    0.999677   0.0314975
          0           0           0           1

scan_71 to scan_59
 -0.297167   0.953869  0.0427398   -131.626
 -0.954717  -0.296151 -0.0285247   -8.98592
-0.0145515 -0.0492809   0.998679   0.100922
         0          0          0          1

scan_72 to scan_59
  0.911066   0.412105  0.0113586   -125.891
 -0.411314   0.910497 -0.0426544    15.5697
-0.0279201   0.034189   0.999026    1.67667
         0          0          0          1

scan_73 to scan_59
   0.913908    0.405921 -0.00171134    -115.302
  -0.405622     0.91306  -0.0423626     42.9802
 -0.0156333   0.0394096    0.999101     3.15695
          0           0           0           1

scan_74 to scan_59
  0.926844   0.375261 -0.0118702   -104.293
  -0.37543    0.92603 -0.0390492    71.8468
-0.00366149  0.0406489   0.999167    4.42592
         0          0          0          1

scan_75 to scan_59
   0.920539    0.390622 -0.00506143     -94.994
  -0.390502    0.919747  -0.0397088     96.3589
 -0.0108559     0.03853    0.999199     5.48766
          0           0           0           1

scan_76 to scan_59
  0.870139   0.492686 -0.0110946   -87.0211
 -0.492684   0.869188 -0.0421709    117.282
-0.0111337  0.0421606    0.99905    6.53703
         0          0          0          1

scan_77 to scan_59
  0.912816   0.407405  0.0281155   -74.8293
 -0.404747    0.91172 -0.0703573    150.411
-0.0542973  0.0528436   0.997126    8.03838
         0          0          0          1

scan_78 to scan_59
  0.893478   0.448957 -0.0117446   -59.4178
 -0.449103   0.893016 -0.0288466    191.593
-0.00246283  0.0310484   0.999515    10.0561
         0          0          0          1

scan_79 to scan_59
   0.752747    0.658022  -0.0195472    -46.1162
  -0.658245     0.75276 -0.00825316      224.96
 0.00928342   0.0190794    0.999775     11.3681
          0           0           0           1

scan_80 to scan_59
   0.485552   -0.873378   -0.038124    -58.4807
   0.873959    0.485996 -0.00280704     230.844
  0.0209797  -0.0319555    0.999269     10.9291
          0           0           0           1

scan_81 to scan_59
   0.454816   -0.889463  -0.0447225    -76.3348
   0.890216    0.455502 -0.00601912     237.135
   0.025725  -0.0370748    0.998982     10.2996
          0           0           0           1

scan_82 to scan_59
  0.437449  -0.898089 -0.0455714   -99.5644
  0.898236   0.438796 -0.0251573    245.522
   0.04259 -0.0299286   0.998645    9.55578
         0          0          0          1

