scan_1 to scan_1
    -0.46347     0.886113 -1.71083e-07     -230.317
   -0.886113     -0.46347 -1.03589e-07      438.186
-1.71083e-07  1.03589e-07            1            0
           0            0            0            1

scan_2 to scan_1
  -0.419561    0.907682   0.0089853     -249.51
  -0.907592   -0.419649   0.0130418      444.63
  0.0156085 -0.00268316    0.999875    0.079873
          0           0           0           1

scan_3 to scan_1
 -0.462241   0.886714 0.00835544   -273.604
 -0.886498  -0.462314  0.0196637    455.415
  0.021299 0.00168231   0.999772 0.00410587
         0          0          0          1

scan_4 to scan_1
 -0.431424   0.901603  0.0313809   -297.648
 -0.901606  -0.432111   0.019658    465.254
 0.0312838 -0.0198124   0.999315   0.098247
         0          0          0          1

scan_5 to scan_1
  -0.469194    0.883068 -0.00696294    -225.283
  -0.883066   -0.469099   0.0118438      437.15
 0.00719259   0.0117058    0.999906   -0.056874
          0           0           0           1

scan_6 to scan_1
 -0.442714    0.89642  0.0208794    -258.15
 -0.896427  -0.441943 -0.0332392    450.811
-0.0205688 -0.0334324    0.99923    0.54332
         0          0          0          1

scan_7 to scan_1
  -0.415507    0.909421    0.017548    -277.369
  -0.909582   -0.415508 -0.00376099     458.283
 0.00387101  -0.0175242     0.99984    0.869575
          0           0           0           1

scan_8 to scan_1
 -0.390393   0.920038   0.033538   -292.997
 -0.920487  -0.390748 0.00450235    463.886
 0.0172472 -0.0291137   0.999428    1.14521
         0          0          0          1

scan_9 to scan_1
  -0.478631    0.877413    0.032699    -311.085
  -0.877942   -0.478755 -0.00446019     471.023
  0.0117414  -0.0308428    0.999456     1.84058
          0           0           0           1

scan_10 to scan_1
 -0.449334    0.89317  0.0188888    -330.78
 -0.893276  -0.449491 0.00486694    478.443
 0.0128373 -0.0146864    0.99981     2.4781
         0          0          0          1

scan_11 to scan_1
-0.443379  0.894146 0.0626663  -357.284
-0.892787  -0.44676 0.0578352   487.847
0.0797092 -0.030305  0.996358   3.78247
        0         0         0         1

scan_12 to scan_1
  0.901939    0.43133  0.0217229   -366.749
 -0.431545   0.902075 0.00615164    486.044
-0.0169426 -0.0149226   0.999746    4.47598
         0          0          0          1

scan_13 to scan_1
   0.903061    0.426489   0.0509873    -373.341
   -0.42666    0.904381 -0.00804141       469.9
 -0.0495415  -0.0144922    0.998668     5.14327
          0           0           0           1

scan_14 to scan_1
   0.881168    0.472668   0.0119163    -379.001
  -0.472624    0.881246 -0.00649106     455.252
 -0.0135696 8.78901e-05    0.999909      5.6966
          0           0           0           1

scan_15 to scan_1
   0.905053    0.423591   0.0382982    -388.755
  -0.423845    0.905741 -0.00165288     431.676
 -0.0353885  -0.0147362    0.999266     6.65098
          0           0           0           1

scan_16 to scan_1
-0.922157 -0.386255   0.04702  -393.345
 0.387435 -0.922667 0.0188845   420.828
0.0360897  0.035631  0.998717   6.88877
        0         0         0         1

scan_17 to scan_1
-0.868379 -0.493657 0.0631895  -400.822
 0.495377 -0.869583 0.0141824   404.787
0.0479183 0.0436108  0.997902   7.60687
        0         0         0         1

scan_18 to scan_1
 -0.82862 -0.555441 0.0815118  -405.349
 0.557399 -0.831308 0.0015394   391.941
0.0668386  0.046701  0.996674   8.29604
        0         0         0         1

scan_19 to scan_1
  -0.844404     -0.5322   0.0742556    -409.243
   0.533285    -0.84696 -0.00601845      382.36
  0.0660303   0.0345283    0.997223     8.57087
          0           0           0           1

scan_20 to scan_1
  -0.39875   0.913295  0.0930631   -401.122
 -0.917997   -0.39592 -0.0479561    376.876
-0.00687732  -0.104432   0.994512    7.86127
         0          0          0          1

scan_21 to scan_1
  -0.54344   0.832941   0.112484   -385.557
 -0.839722  -0.543821 -0.0299626    370.124
 0.0362222  -0.110593   0.993209    5.96693
         0          0          0          1

scan_22 to scan_1
 -0.456937   0.881997   0.122724   -365.353
 -0.890235  -0.455772 -0.0390687    361.845
 0.0215047  -0.126939    0.99168    3.77414
         0          0          0          1

scan_23 to scan_1
 -0.416184   0.893362   0.174548   -351.304
 -0.909366  -0.416539 -0.0363578    355.918
 0.0402186  -0.173613   0.983996    1.01026
         0          0          0          1

scan_24 to scan_1
   -0.5195    0.84077   0.158106   -328.751
 -0.854353  -0.519466 -0.0448349    346.311
 0.0444273  -0.158143    0.98642   -3.32339
         0          0          0          1

scan_25 to scan_1
 -0.442375   0.885691   0.147073   -310.138
 -0.897292  -0.441753 -0.0386662    338.178
 0.0307353  -0.148868   0.988383   -6.33033
         0          0          0          1

scan_26 to scan_1
   -0.4832   0.860625   0.166181   -295.467
 -0.875706  -0.482179 -0.0491612    332.328
 0.0378212  -0.169037   0.984888   -8.67212
         0          0          0          1

scan_27 to scan_1
 -0.424209   0.879359   0.220337   -273.796
 -0.906492  -0.414031 -0.0928718    322.962
0.00960651  -0.238767   0.971033   -14.2099
         0          0          0          1

scan_28 to scan_28
 0.340511 -0.940241         0  -252.666
 0.940241  0.340511         0    395.79
       -0         0         1         0
        0         0         0         1

scan_29 to scan_28
   0.376998   -0.926208 -0.00354117    -258.709
   0.925489    0.376851  -0.0381356      397.88
  0.0366559   0.0110997    0.999266   0.0557087
          0           0           0           1

scan_30 to scan_28
  0.292264  -0.956304 0.00810537   -265.763
  0.956259    0.29212 -0.0153531    401.072
 0.0123144   0.012238   0.999849  0.0935234
         0          0          0          1

scan_31 to scan_28
   0.353392   -0.935465 -0.00450267    -274.106
   0.935452    0.353413 -0.00528068     404.161
 0.00653115 -0.00234586    0.999976    0.079028
          0           0           0           1

scan_32 to scan_28
  0.265299  -0.964167 0.00107925    -280.41
  0.963999   0.265232 -0.0189397    406.253
 0.0179747 0.00606514    0.99982  0.0963873
         0          0          0          1

scan_33 to scan_28
   0.303305   -0.952893 -0.00206915      -286.8
    0.95283     0.30331  -0.0109654     408.775
  0.0110764  0.00135438    0.999938    0.136626
          0           0           0           1

scan_34 to scan_28
   0.425752    -0.90484 -0.00143771    -291.701
   0.904364    0.425579  -0.0317571     410.379
  0.0293468   0.0122205    0.999495    0.139764
          0           0           0           1

scan_35 to scan_28
   0.399614   -0.916665 -0.00609459    -295.888
    0.91602    0.399569  -0.0353829     411.809
  0.0348694  0.00855679    0.999356    0.158077
          0           0           0           1

scan_36 to scan_28
      0.461   -0.887379 -0.00645238    -301.202
   0.886673    0.460905  -0.0371396     413.395
  0.0359307   0.0114003     0.99929    0.182753
          0           0           0           1

scan_37 to scan_28
    0.44634   -0.894857 -0.00413856    -307.216
     0.8931    0.445746  -0.0607059     415.675
  0.0561676   0.0233993    0.998148    0.274038
          0           0           0           1

scan_38 to scan_28
   0.39096  -0.920355 -0.0101362   -313.818
  0.918664   0.390874  -0.057242    419.758
 0.0566447  0.0130676   0.998309   0.480155
         0          0          0          1

scan_39 to scan_28
  0.481233  -0.876233 -0.0252251   -320.355
  0.872674   0.481601 -0.0806553    420.692
  0.082821  0.0168008   0.996423   0.356414
         0          0          0          1

scan_40 to scan_28
  0.320437  -0.947251 0.00644543   -328.105
  0.945358    0.31935 -0.0657191    423.182
 0.0601941   0.027152   0.997818   0.352987
         0          0          0          1

scan_41 to scan_28
   0.476958   -0.878892 -0.00819325     -334.19
   0.875131    0.475741  -0.0884448     425.523
  0.0816312   0.0350142    0.996047    0.508519
          0           0           0           1

scan_42 to scan_28
  0.506902   -0.86078 -0.0459954   -340.284
  0.859751   0.508713 -0.0452388    428.044
 0.0623392 -0.0166128   0.997917   0.881383
         0          0          0          1

scan_43 to scan_28
  0.470175  -0.881919 -0.0340988   -349.926
  0.879201   0.471402  -0.069232    431.697
 0.0771311 0.00257145   0.997018   0.845238
         0          0          0          1

scan_45 to scan_45
 0.444484 -0.895787         0  -483.448
 0.895787  0.444484         0  -103.618
       -0         0         1         0
        0         0         0         1

scan_46 to scan_45
   0.477218   -0.878694   0.0126081    -509.255
   0.878251     0.47738   0.0279957    -87.3586
 -0.0306186 -0.00228704    0.999528   0.0514118
          0           0           0           1

scan_47 to scan_45
-0.905676 -0.423807 0.0117959  -527.865
  0.42397 -0.905384 0.0230348  -92.1115
0.000917479 0.0258632  0.999664  0.533245
        0         0         0         1

scan_48 to scan_45
-0.916369 -0.400079 0.0142878  -536.894
 0.400284 -0.916234 0.0170056  -116.957
0.00628744 0.0213027  0.999753   1.09244
        0         0         0         1

scan_49 to scan_45
  0.796688  -0.604038  0.0206319   -556.168
  0.603873   0.796955  0.0141935   -89.0079
-0.0250161 0.00115116   0.999686   0.789906
         0          0          0          1

scan_50 to scan_45
-0.601882 -0.798483 0.0127407   -563.81
 0.798458 -0.601425 0.0274519  -135.192
-0.0142575 0.0266958  0.999541   2.55954
        0         0         0         1

scan_51 to scan_45
 -0.318398   0.947944 0.00484375   -549.028
 -0.946807  -0.318259  0.0476208   -147.859
 0.0466836  0.0105764   0.998853    3.20087
         0          0          0          1

scan_52 to scan_45
-0.943924 -0.329614  0.018993  -515.756
 0.330148 -0.942818 0.0457917  -164.621
0.00281326 0.0494945   0.99877   3.38705
        0         0         0         1

scan_53 to scan_45
 -0.717168   0.696485  0.0240362   -475.136
 -0.695617  -0.717514  0.0359226   -170.397
 0.0422659 0.00904272   0.999065    2.86854
         0          0          0          1

scan_54 to scan_54
   -0.880302    -0.474414 -1.93923e-07     -235.093
    0.474414    -0.880302  4.89281e-08      292.318
-1.93923e-07 -4.89281e-08            1            0
           0            0            0            1

scan_55 to scan_54
  -0.908915   -0.416882  0.00911623    -245.793
   0.416844    -0.90896 -0.00581532     264.832
  0.0107106 -0.00148559    0.999942  -0.0204467
          0           0           0           1

scan_56 to scan_54
   -0.90288   -0.429885 -0.00255979    -245.887
   0.429815   -0.902814   0.0136286     264.217
-0.00816972   0.0112048    0.999905   -0.311911
          0           0           0           1

scan_57 to scan_57
0.402067 -0.91561        0 -154.313
 0.91561 0.402067        0  200.986
      -0        0        1        0
       0        0        0        1

scan_59 to scan_59
   -0.833689    -0.552234 -1.91504e-07     -263.486
    0.552234    -0.833689  5.76734e-08      223.747
-1.91504e-07 -5.76734e-08            1            0
           0            0            0            1

scan_60 to scan_59
 -0.897017   -0.43866 -0.0542002    -270.02
     0.439  -0.898467 0.00610694    197.904
 -0.051376 -0.0183159   0.998511   -1.00125
         0          0          0          1

scan_61 to scan_59
  -0.88931  -0.456889 -0.0195274   -282.333
  0.457199  -0.889214  -0.016385    169.547
-0.00987784 -0.0234993   0.999675   -1.36476
         0          0          0          1

scan_62 to scan_59
  -0.851638   -0.524123 -0.00304404    -292.008
   0.523582   -0.850466  -0.0507125     144.501
  0.0239906  -0.0447824    0.998709    -1.51192
          0           0           0           1

scan_63 to scan_59
 -0.873843  -0.485701 -0.0222152   -308.147
  0.486025  -0.873857  -0.012487    100.447
-0.0133479 -0.0217088   0.999676   -2.26493
         0          0          0          1

scan_64 to scan_59
 -0.447264   0.894291 -0.0141449   -298.434
 -0.894267  -0.446862  0.0245851    56.7001
 0.0156654  0.0236452   0.999598    -1.6798
         0          0          0          1

scan_65 to scan_59
   -0.404287     0.914612    0.0062196      -267.63
   -0.914521    -0.404334    0.0130232      45.0242
   0.0144259 -0.000422935     0.999897      -1.5324
           0            0            0            1

scan_66 to scan_59
  -0.425861    0.904787 -0.00202227    -237.853
  -0.904268   -0.425537   0.0349545     34.3548
  0.0307659   0.0167143    0.999388    -1.17032
          0           0           0           1

scan_67 to scan_59
-0.525964  0.850502 0.0031891   -217.35
-0.849958 -0.525753 0.0340562   26.9681
0.0306416 0.0152016  0.999416 -0.830555
        0         0         0         1

scan_68 to scan_59
 -0.455548    0.89016 0.00969278   -199.517
 -0.889784  -0.455638  0.0261465    20.1578
  0.027691 0.00328638   0.999613  -0.750137
         0          0          0          1

scan_69 to scan_59
-0.508964  0.860464 0.0237141  -168.979
-0.858281 -0.509389 0.0623088   9.16813
0.0656941 0.0113594  0.997778 -0.683783
        0         0         0         1

scan_70 to scan_59
   -0.48296    0.875372   0.0218943    -146.097
  -0.874408   -0.483455   0.0410861     1.01729
  0.0465505 0.000698211    0.998919   -0.639341
          0           0           0           1

scan_71 to scan_59
 -0.287242   0.955736  0.0637613   -128.918
 -0.955733  -0.290403  0.0474072   -7.06326
 0.0638251 -0.0473215   0.996842  -0.472162
         0          0          0          1

scan_72 to scan_59
  0.915451   0.400867  0.0355037   -123.537
 -0.401895   0.915228   0.029067    17.6472
-0.0208421 -0.0408781    0.99895   -1.10511
         0          0          0          1

scan_73 to scan_59
 0.945529  0.324455 0.0266356  -112.983
-0.325513  0.943429 0.0631561   41.5213
-0.0046377 -0.068386  0.997652    -2.069
        0         0         0         1

scan_74 to scan_59
  0.966024   0.257836  0.0180107   -105.813
 -0.258432   0.962453  0.0830798    69.1861
0.00408623 -0.0849114   0.996384   -4.84963
         0          0          0          1

scan_75 to scan_59
  0.961268   0.274963  0.0191051   -99.6208
 -0.275521   0.956683  0.0940785     94.195
0.00759024 -0.0956983   0.995385    -7.3295
         0          0          0          1

scan_76 to scan_59
   0.92327   0.383851  0.0153593   -94.3005
 -0.383577   0.918937  0.0918099    115.857
 0.0211267 -0.0906566   0.995662   -9.28503
         0          0          0          1

scan_77 to scan_59
  0.955113    0.29129  0.0539824   -86.2024
 -0.294908   0.952192   0.079781     149.89
-0.0281624 -0.0921194   0.995354   -12.6711
         0          0          0          1

scan_78 to scan_59
 0.948805  0.311861 0.0501775  -76.2307
-0.315791  0.940101  0.128423   191.186
-0.00712214 -0.137693  0.990454  -16.1574
        0         0         0         1

scan_79 to scan_59
 0.851237  0.524113 0.0265916  -67.3227
-0.521271  0.838593  0.158253   224.919
0.0606427 -0.148572  0.987045  -21.2909
        0         0         0         1

scan_80 to scan_59
   0.334544   -0.942384 0.000766804    -80.2955
   0.930826    0.330567    0.155875     229.198
  -0.147147  -0.0514327    0.987782    -22.1465
          0           0           0           1

scan_81 to scan_59
  0.289784  -0.956774  -0.024833   -98.3241
  0.948358   0.283543   0.142227    231.776
 -0.129038 -0.0647653   0.989528   -23.0307
         0          0          0          1

scan_82 to scan_59
   0.26483  -0.963821 -0.0303583   -121.923
    0.9578   0.259266   0.124125    235.661
 -0.111763 -0.0619488   0.991807    -24.436
         0          0          0          1

