scan_1 to scan_1
    -0.46347     0.886113 -1.71083e-07     -230.317
   -0.886113     -0.46347 -1.03589e-07      438.186
-1.71083e-07  1.03589e-07            1            0
           0            0            0            1

scan_2 to scan_1
   -0.418537       0.9082 -1.71083e-07     -249.403
     -0.9082    -0.418537 -1.03589e-07      444.604
-1.65684e-07  1.12022e-07            1 -2.60052e-06
           0            0            0            1

scan_3 to scan_1
   -0.464971     0.885326 -1.71083e-07     -273.659
   -0.885326    -0.464971 -1.03589e-07      455.377
-1.71258e-07  1.03298e-07            1 -5.63432e-06
           0            0            0            1

scan_4 to scan_1
   -0.433199     0.901298 -1.71083e-07     -297.865
   -0.901298    -0.433199 -1.03589e-07      465.454
-1.67477e-07  1.09322e-07            1 -8.73178e-06
           0            0            0            1

scan_5 to scan_1
   -0.469217     0.883083 -1.71083e-07     -225.343
   -0.883083    -0.469217 -1.03589e-07      437.201
-1.71752e-07  1.02475e-07            1  7.48846e-07
           0            0            0            1

scan_6 to scan_1
   -0.442513     0.896762 -1.71083e-07     -258.336
   -0.896762    -0.442513 -1.03589e-07      450.688
-1.68601e-07  1.07581e-07            1 -3.49848e-06
           0            0            0            1

scan_7 to scan_1
   -0.419048     0.907964 -1.71083e-07     -277.645
   -0.907964    -0.419048 -1.03589e-07      458.366
-1.65747e-07  1.11929e-07            1 -6.00653e-06
           0            0            0            1

scan_8 to scan_1
   -0.408122     0.912928 -1.71083e-07     -293.173
   -0.912928    -0.408122 -1.03589e-07      464.526
-1.64392e-07   1.1391e-07            1 -8.02499e-06
           0            0            0            1

scan_9 to scan_1
   -0.500764     0.865588 -1.71083e-07     -311.373
   -0.865588    -0.500764 -1.03589e-07      472.125
-1.75337e-07   9.6214e-08            1 -1.03517e-05
           0            0            0            1

scan_10 to scan_1
   -0.474571     0.880222 -1.71083e-07      -331.05
   -0.880222    -0.474571 -1.03589e-07      480.371
-1.72372e-07  1.01431e-07            1 -1.28639e-05
           0            0            0            1

scan_11 to scan_1
   -0.469819     0.882767 -1.71083e-07     -356.756
   -0.882767    -0.469819 -1.03589e-07      490.823
-1.71823e-07  1.02359e-07            1  -1.6179e-05
           0            0            0            1

scan_12 to scan_1
    0.891178     0.453662 -1.71083e-07     -366.653
   -0.453662     0.891178 -1.03589e-07      488.881
 1.05471e-07   1.6993e-07            1 -1.80733e-05
           0            0            0            1

scan_13 to scan_1
    0.893874     0.448327 -1.71083e-07      -373.66
   -0.448327     0.893874 -1.03589e-07      472.857
 1.06485e-07  1.69296e-07            1  -2.0932e-05
           0            0            0            1

scan_14 to scan_1
    0.870341      0.49246 -1.71083e-07     -379.804
    -0.49246     0.870341 -1.03589e-07      458.402
 9.78873e-08  1.74409e-07            1 -2.34805e-05
           0            0            0            1

scan_15 to scan_1
      0.8992     0.437552 -1.71083e-07     -389.778
   -0.437552       0.8992 -1.03589e-07      435.093
 1.08512e-07  1.68005e-07            1 -2.76014e-05
           0            0            0            1

scan_16 to scan_1
   -0.917578    -0.399786 -1.71083e-07     -394.506
    0.399786    -0.917578 -1.03589e-07      424.624
-1.15569e-07 -1.63447e-07            1 -2.94949e-05
           0            0            0            1

scan_17 to scan_1
   -0.862073    -0.508531 -1.71083e-07     -402.196
    0.508531    -0.862073 -1.03589e-07      408.503
-9.48079e-08 -1.76302e-07            1 -3.24805e-05
           0            0            0            1

scan_18 to scan_1
   -0.822119    -0.570868 -1.71083e-07      -406.96
    0.570868    -0.822119 -1.03589e-07      395.719
-8.15151e-08 -1.82828e-07            1 -3.46197e-05
           0            0            0            1

scan_19 to scan_1
   -0.837868    -0.547492 -1.71083e-07     -410.999
    0.547492    -0.837868 -1.03589e-07      385.998
-8.66311e-08  -1.8046e-07            1 -3.63178e-05
           0            0            0            1

scan_20 to scan_1
   -0.410718     0.912732 -1.71083e-07     -402.932
   -0.912732    -0.410718 -1.03589e-07      380.275
-1.64816e-07  1.13607e-07            1 -3.55305e-05
           0            0            0            1

scan_21 to scan_1
   -0.554963     0.832938 -1.71083e-07     -387.261
   -0.832938    -0.554963 -1.03589e-07      373.264
-1.81228e-07  8.50137e-08            1 -3.35755e-05
           0            0            0            1

scan_22 to scan_1
    -0.46206     0.887846 -1.71083e-07     -366.786
   -0.887846     -0.46206 -1.03589e-07      364.734
-1.71021e-07  1.04031e-07            1 -3.09564e-05
           0            0            0            1

scan_23 to scan_1
   -0.419305     0.908819 -1.71083e-07     -351.728
   -0.908819    -0.419305 -1.03589e-07      358.602
-1.65879e-07  1.12048e-07            1 -2.90153e-05
           0            0            0            1

scan_24 to scan_1
   -0.521388     0.854356 -1.71083e-07     -328.965
   -0.854356    -0.521388 -1.03589e-07      348.875
-1.77702e-07   9.2156e-08            1 -2.61286e-05
           0            0            0            1

scan_25 to scan_1
   -0.442505     0.897752 -1.71083e-07     -310.113
   -0.897752    -0.442505 -1.03589e-07      340.666
-1.68702e-07  1.07752e-07            1 -2.37537e-05
           0            0            0            1

scan_26 to scan_1
   -0.481668     0.877363 -1.71083e-07     -295.234
   -0.877363    -0.481668 -1.03589e-07      334.748
 -1.7329e-07  1.00207e-07            1 -2.18213e-05
           0            0            0            1

scan_27 to scan_1
   -0.416212      0.91024 -1.71083e-07     -272.837
    -0.91024    -0.416212 -1.03589e-07      325.304
-1.65497e-07  1.12612e-07            1 -1.89677e-05
           0            0            0            1

scan_28 to scan_28
 0.340511 -0.940241         0  -252.666
 0.940241  0.340511         0    395.79
       -0         0         1         0
        0         0         0         1

scan_29 to scan_28
 0.380086 -0.924951         0  -258.738
 0.924951  0.380086         0    397.65
        0         0         1         0
        0         0         0         1

scan_30 to scan_28
 0.296069 -0.955167         0  -265.716
 0.955167  0.296069         0   400.968
        0         0         1         0
        0         0         0         1

scan_31 to scan_28
 0.357154 -0.934045         0  -273.904
 0.934045  0.357154         0   404.131
        0         0         1         0
        0         0         0         1

scan_32 to scan_28
 0.270704 -0.962663         0  -280.191
 0.962663  0.270704         0   406.228
        0         0         1         0
        0         0         0         1

scan_33 to scan_28
 0.310193 -0.950674         0   -286.67
 0.950674  0.310193         0   408.796
        0         0         1         0
        0         0         0         1

scan_34 to scan_28
 0.432319 -0.901721         0  -291.516
 0.901721  0.432319         0   410.362
        0         0         1         0
        0         0         0         1

scan_35 to scan_28
 0.408521 -0.912749         0  -295.634
 0.912749  0.408521         0    411.82
        0         0         1         0
        0         0         0         1

scan_36 to scan_28
 0.470084 -0.882622         0  -300.816
 0.882622  0.470084         0   413.447
        0         0         1         0
        0         0         0         1

scan_37 to scan_28
 0.459464 -0.888196         0  -306.785
 0.888196  0.459464         0   415.559
        0         0         1         0
        0         0         0         1

scan_38 to scan_28
 0.400728 -0.916197         0  -313.245
 0.916197  0.400728         0   419.677
        0         0         1         0
        0         0         0         1

scan_39 to scan_28
  0.49134 -0.870968         0  -319.781
 0.870968   0.49134         0   420.551
        0         0         1         0
        0         0         0         1

scan_40 to scan_28
 0.324598 -0.945852         0  -327.401
 0.945852  0.324598         0   423.021
        0         0         1         0
        0         0         0         1

scan_41 to scan_28
 0.472643 -0.881254         0  -333.454
 0.881254  0.472643         0   425.057
        0         0         1         0
        0         0         0         1

scan_42 to scan_28
 0.503462 -0.864017         0  -339.703
 0.864017  0.503462         0    427.79
        0         0         1         0
        0         0         0         1

scan_43 to scan_28
 0.461395 -0.887195         0  -349.375
 0.887195  0.461395         0   431.198
        0         0         1         0
        0         0         0         1

scan_45 to scan_45
1 0 0 0
0 1 0 0
0 0 1 0
0 0 0 1

scan_46 to scan_45
 0.999445 0.0333172         0     3.375
-0.0333172  0.999445         0    30.328
        0         0         1         0
        0         0         0         1

scan_47 to scan_45
-0.023052 -0.999734         0  -9.00219
 0.999734 -0.023052         0   44.7254
        0         0         1         0
        0         0         0         1

scan_48 to scan_45
-0.055893 -0.998437         0  -35.3896
 0.998437 -0.055893         0   41.7493
        0         0         1         0
        0         0         0         1

scan_49 to scan_45
    0.898062      0.43987  1.10545e-07     -19.0787
    -0.43987     0.898062 -1.66673e-07      71.5846
-1.72591e-07  1.01057e-07            1            0
           0            0            0            1

scan_50 to scan_45
    0.436036    -0.899929  1.10545e-07     -64.3477
    0.899929     0.436036 -1.66673e-07      57.7843
 1.01792e-07  1.72158e-07            1  2.70414e-06
           0            0            0            1

scan_51 to scan_45
    -0.98889     0.148647 -5.05397e-08     -68.8683
   -0.148647     -0.98889 -2.85212e-07      38.8219
-9.23742e-08 -2.74531e-07            1  4.33679e-08
           0            0            0            1

scan_52 to scan_45
   -0.140819    -0.990035 -5.05397e-08     -68.5471
    0.990035    -0.140819 -2.85212e-07      1.48078
 2.75253e-07 -9.01993e-08            1 -1.05905e-05
           0            0            0            1

scan_53 to scan_45
   -0.948604    -0.316465 -5.05397e-08     -55.0486
    0.316465    -0.948604 -2.85212e-07     -37.5059
 4.23175e-08 -2.86547e-07            1 -2.10278e-05
           0            0            0            1

scan_54 to scan_54
   -0.880302    -0.474414 -1.93923e-07     -235.093
    0.474414    -0.880302  4.89281e-08      292.318
-1.93923e-07 -4.89281e-08            1            0
           0            0            0            1

scan_55 to scan_54
   -0.912565    -0.408932 -1.93923e-07      -245.81
    0.408932    -0.912565  4.89281e-08      264.574
-1.96975e-07 -3.46511e-08            1 -7.20779e-07
           0            0            0            1

scan_56 to scan_54
   -0.909083    -0.416614 -1.93923e-07     -246.079
    0.416614    -0.909083  4.89281e-08       263.96
-1.96676e-07 -3.63112e-08            1 -7.42848e-07
           0            0            0            1

scan_59 to scan_59
   -0.833689    -0.552234 -1.91504e-07     -263.486
    0.552234    -0.833689  5.76734e-08      223.747
-1.91504e-07 -5.76734e-08            1            0
           0            0            0            1

scan_60 to scan_59
   -0.895887    -0.444282 -1.91504e-07     -270.409
    0.444282    -0.895887  5.76734e-08      197.623
-1.97189e-07 -3.34129e-08            1  1.80912e-07
           0            0            0            1

scan_61 to scan_59
   -0.882375    -0.470547 -1.91504e-07     -283.029
    0.470547    -0.882375  5.76734e-08      169.496
-1.96116e-07 -3.92221e-08            1 -6.13749e-07
           0            0            0            1

scan_62 to scan_59
   -0.845281    -0.534322 -1.91504e-07     -293.119
    0.534322    -0.845281  5.76734e-08      144.692
-1.92691e-07 -5.35746e-08            1 -1.11554e-06
           0            0            0            1

scan_63 to scan_59
   -0.868715    -0.495311 -1.91504e-07     -310.012
    0.495311    -0.868715  5.76734e-08      100.383
-1.94929e-07 -4.47523e-08            1 -1.79517e-06
           0            0            0            1

scan_64 to scan_59
   -0.457188      0.88937 -1.91504e-07     -301.189
    -0.88937    -0.457188  5.76734e-08      55.7906
-3.62603e-08  1.96686e-07            1  2.46631e-06
           0            0            0            1

scan_65 to scan_59
   -0.423375     0.905954 -1.91504e-07     -270.055
   -0.905954    -0.423375  5.76734e-08      43.6652
-2.88285e-08  1.97911e-07            1  9.12786e-06
           0            0            0            1

scan_66 to scan_59
   -0.440391     0.897806 -1.91504e-07     -240.739
   -0.897806    -0.440391  5.76734e-08      32.6428
-3.25571e-08  1.97332e-07            1  1.53778e-05
           0            0            0            1

scan_67 to scan_59
   -0.537747     0.843106 -1.91504e-07     -220.359
   -0.843106    -0.537747  5.76734e-08      24.9683
-5.43558e-08  1.92472e-07            1  1.97232e-05
           0            0            0            1

scan_68 to scan_59
   -0.469377     0.882997 -1.91504e-07     -202.394
   -0.882997    -0.469377  5.76734e-08      17.7219
-3.89621e-08  1.96168e-07            1  2.35815e-05
           0            0            0            1

scan_69 to scan_59
   -0.521068     0.853515 -1.91504e-07     -171.822
   -0.853515    -0.521068  5.76734e-08      6.50471
-5.05615e-08  1.93503e-07            1  3.00831e-05
           0            0            0            1

scan_70 to scan_59
   -0.496821     0.867853 -1.91504e-07     -148.921
   -0.867853    -0.496821  5.76734e-08     -2.16221
-4.50911e-08  1.94851e-07            1  3.49687e-05
           0            0            0            1

scan_71 to scan_59
   -0.307379     0.951587 -1.91504e-07      -131.55
   -0.951587    -0.307379  5.76734e-08      -10.477
-3.98305e-09   1.9996e-07            1  3.87747e-05
           0            0            0            1

scan_72 to scan_59
    0.905669     0.423984 -1.91504e-07     -125.579
   -0.423984     0.905669  5.76734e-08      13.9994
 1.97892e-07  2.89615e-08            1  3.85067e-05
           0            0            0            1

scan_73 to scan_59
    0.906874     0.421401 -1.91504e-07     -114.414
   -0.421401     0.906874  5.76734e-08      41.3235
 1.97974e-07  2.83973e-08            1  3.90688e-05
           0            0            0            1

scan_74 to scan_59
    0.918782     0.394765 -1.91504e-07     -102.689
   -0.394765     0.918782  5.76734e-08      70.1673
 1.98718e-07  2.26097e-08            1  3.96508e-05
           0            0            0            1

scan_75 to scan_59
    0.916352     0.400372 -1.91504e-07      -92.653
   -0.400372     0.916352  5.76734e-08      94.2212
 1.98576e-07  2.38236e-08            1  4.01854e-05
           0            0            0            1

scan_76 to scan_59
    0.865841     0.500319 -1.91504e-07     -84.4509
   -0.500319     0.865841  5.76734e-08      114.947
 1.94667e-07   4.5877e-08            1  4.05608e-05
           0            0            0            1

scan_77 to scan_59
    0.907962     0.419052 -1.91504e-07     -71.6372
   -0.419052     0.907962  5.76734e-08      148.073
 1.98046e-07  2.78849e-08            1  4.11042e-05
           0            0            0            1

scan_78 to scan_59
    0.890385     0.455207 -1.91504e-07     -55.5726
   -0.455207     0.890385  5.76734e-08      189.373
 1.96766e-07  3.58223e-08            1  4.17987e-05
           0            0            0            1

scan_79 to scan_59
    0.748231     0.663438 -1.91504e-07     -42.0703
   -0.663438     0.748231  5.76734e-08      222.825
 1.81552e-07   8.3898e-08            1  4.24552e-05
           0            0            0            1

scan_80 to scan_59
    0.492098    -0.870539 -1.91504e-07      -54.533
    0.870539     0.492098  5.76734e-08      228.748
 4.40317e-08 -1.95093e-07            1  3.97269e-05
           0            0            0            1

scan_81 to scan_59
    0.459988    -0.887925 -1.91504e-07     -72.3804
    0.887925     0.459988  5.76734e-08      235.028
 3.68798e-08  -1.9657e-07            1  3.59469e-05
           0            0            0            1

scan_82 to scan_59
     0.43939    -0.898296 -1.91504e-07     -95.7604
    0.898296      0.43939  5.76734e-08      243.233
 3.23372e-08 -1.97368e-07            1  3.09963e-05
           0            0            0            1

