scan_1 to scan_1
    -0.46347     0.886113 -1.71083e-07     -230.317
   -0.886113     -0.46347 -1.03589e-07      438.186
-1.71083e-07  1.03589e-07            1            0
           0            0            0            1

scan_2 to scan_1
   -0.372556      0.92801 -1.71083e-07     -268.787
    -0.92801    -0.372556 -1.03589e-07      450.058
-1.59869e-07  1.20174e-07            1 -5.35169e-06
           0            0            0            1

scan_3 to scan_1
   -0.421614     0.906776 -1.71083e-07     -338.379
   -0.906776    -0.421614 -1.03589e-07      472.417
-1.66063e-07   1.1146e-07            1 -1.49416e-05
           0            0            0            1

scan_4 to scan_1
   -0.357692     0.933841 -1.71083e-07     -432.079
   -0.933841    -0.357692 -1.03589e-07      504.557
 -1.5793e-07  1.22712e-07            1 -2.76427e-05
           0            0            0            1

scan_5 to scan_1
   -0.474943     0.880016 -1.71083e-07     -220.376
   -0.880016    -0.474943 -1.03589e-07      436.183
-1.72414e-07  1.01357e-07            1  1.49323e-06
           0            0            0            1

scan_6 to scan_1
   -0.427194      0.90416 -1.71083e-07     -281.448
    -0.90416    -0.427194 -1.03589e-07      461.973
-1.66746e-07  1.10434e-07            1 -6.28356e-06
           0            0            0            1

scan_7 to scan_1
   -0.357765     0.933813 -1.71083e-07     -349.331
   -0.933813    -0.357765 -1.03589e-07      486.597
 -1.5794e-07  1.22699e-07            1 -1.53464e-05
           0            0            0            1

scan_8 to scan_1
   -0.288214     0.957567 -1.71083e-07         -431
   -0.957567    -0.288214 -1.03589e-07      509.609
-1.48502e-07  1.33968e-07            1 -2.69349e-05
           0            0            0            1

scan_9 to scan_1
   -0.425053     0.905178 -1.71083e-07     -535.782
   -0.905178    -0.425053 -1.03589e-07      533.686
-1.66486e-07   1.1083e-07            1 -4.23673e-05
           0            0            0            1

scan_10 to scan_1
   -0.409207     0.912456 -1.71083e-07     -658.458
   -0.912456    -0.409207 -1.03589e-07      578.304
-1.64528e-07  1.13716e-07            1  -5.8733e-05
           0            0            0            1

scan_11 to scan_1
   -0.410838     0.911727 -1.71083e-07     -814.179
   -0.911727    -0.410838 -1.03589e-07      631.964
-1.64732e-07  1.13423e-07            1 -7.98158e-05
           0            0            0            1

scan_12 to scan_1
    0.383995    -0.923358 -1.71083e-07     -950.554
    0.923358     0.383995 -1.03589e-07      664.877
 1.61344e-07 -1.18193e-07            1 -9.97378e-05
           0            0            0            1

scan_13 to scan_1
   -0.931946    -0.362665 -1.71083e-07     -799.244
    0.362665    -0.931946 -1.03589e-07      659.518
-1.21872e-07 -1.58585e-07            1 -7.44063e-05
           0            0            0            1

scan_14 to scan_1
   -0.438704     0.898665 -1.71083e-07     -810.481
   -0.898665    -0.438704 -1.03589e-07      815.583
-1.68146e-07  1.08302e-07            1 -6.01623e-05
           0            0            0            1

scan_15 to scan_1
    0.934848     0.355155 -1.71083e-07     -977.643
   -0.355155     0.934848 -1.03589e-07      783.954
 1.23147e-07  1.57601e-07            1 -9.20372e-05
           0            0            0            1

scan_16 to scan_1
    0.247928    -0.970646 -1.71083e-07      -955.81
    0.970646     0.247928 -1.03589e-07      625.518
 1.42964e-07 -1.40378e-07            1 -0.000104714
           0            0            0            1

scan_17 to scan_1
    0.914242     0.411774 -1.71083e-07     -789.171
   -0.411774     0.914242 -1.03589e-07      710.919
 1.13756e-07  1.65153e-07            1 -6.73584e-05
           0            0            0            1

scan_18 to scan_1
   -0.584928     0.815495 -1.71083e-07     -723.525
   -0.815495    -0.584928 -1.03589e-07      531.632
-1.84547e-07  7.89255e-08            1 -7.46996e-05
           0            0            0            1

scan_19 to scan_1
   -0.774092    -0.640106 -1.71083e-07     -915.517
    0.640106    -0.774092 -1.03589e-07       495.89
-6.61264e-08 -1.89698e-07            1 -0.000111249
           0            0            0            1

scan_20 to scan_1
    -0.46062     0.893627 -1.71083e-07     -928.655
   -0.893627     -0.46062 -1.03589e-07      671.402
-1.71374e-07  1.05169e-07            1 -9.53152e-05
           0            0            0            1

scan_21 to scan_1
   -0.683417      0.73856 -1.71083e-07      -1071.6
    -0.73856    -0.683417 -1.03589e-07      595.738
-1.93427e-07  5.55609e-08            1 -0.000127609
           0            0            0            1

scan_22 to scan_1
   -0.598798     0.809789 -1.71083e-07     -1204.47
   -0.809789    -0.598798 -1.03589e-07      548.637
-1.86329e-07  7.65125e-08            1  -0.00015522
           0            0            0            1

scan_23 to scan_1
   -0.517824     0.864853 -1.71083e-07     -1323.23
   -0.864853    -0.517824 -1.03589e-07      480.535
 -1.7818e-07   9.4321e-08            1 -0.000182592
           0            0            0            1

scan_24 to scan_1
   -0.666165     0.757716 -1.71083e-07     -1406.77
   -0.757716    -0.666165 -1.03589e-07      382.766
 -1.9246e-07  6.06254e-08            1 -0.000207012
           0            0            0            1

scan_25 to scan_1
   -0.576211     0.829275 -1.71083e-07     -1490.73
   -0.829275    -0.576211 -1.03589e-07      295.242
-1.84483e-07   8.2186e-08            1 -0.000230442
           0            0            0            1

scan_26 to scan_1
   -0.628846     0.791246 -1.71083e-07     -1555.02
   -0.791246    -0.628846 -1.03589e-07      191.379
-1.89549e-07  7.02276e-08            1 -0.000252201
           0            0            0            1

scan_27 to scan_1
   -0.524687     0.864887 -1.71083e-07     -1597.36
   -0.864887    -0.524687 -1.03589e-07      75.3241
-1.79357e-07  9.36159e-08            1 -0.000271466
           0            0            0            1

scan_28 to scan_28
 0.340511 -0.940241         0  -252.666
 0.940241  0.340511         0    395.79
       -0         0         1         0
        0         0         0         1

scan_29 to scan_28
 0.418978 -0.907996         0  -264.725
 0.907996  0.418978         0   399.765
        0         0         1         0
        0         0         0         1

scan_30 to scan_28
 0.291811 -0.956476         0  -284.282
 0.956476  0.291811         0   409.318
        0         0         1         0
        0         0         0         1

scan_31 to scan_28
 0.369548 -0.929211         0  -314.065
 0.929211  0.369548         0   419.829
        0         0         1         0
        0         0         0         1

scan_32 to scan_28
 0.212459 -0.977169         0  -347.653
 0.977169  0.212459         0   432.833
        0         0         1         0
        0         0         0         1

scan_33 to scan_28
 0.221448 -0.975172         0  -389.773
 0.975172  0.221448         0   443.162
        0         0         1         0
        0         0         0         1

scan_34 to scan_28
 0.439074 -0.898451         0  -434.964
 0.898451  0.439074         0   454.414
        0         0         1         0
        0         0         0         1

scan_35 to scan_28
 0.480926 -0.876761         0  -479.957
 0.876761  0.480926         0   476.732
        0         0         1         0
        0         0         0         1

scan_36 to scan_28
 0.653494 -0.756933         0  -529.518
 0.756933  0.653494         0   504.309
        0         0         1         0
        0         0         0         1

scan_37 to scan_28
 0.738018 -0.674783         0  -577.897
 0.674783  0.738018         0   546.126
        0         0         1         0
        0         0         0         1

scan_38 to scan_28
 0.737864 -0.674952         0  -624.704
 0.674952  0.737864         0   601.785
        0         0         1         0
        0         0         0         1

scan_39 to scan_28
 0.890018 -0.455928         0  -677.643
 0.455928  0.890018         0   659.189
        0         0         1         0
        0         0         0         1

scan_40 to scan_28
 0.781752 -0.623593         0  -718.872
 0.623593  0.781752         0    736.23
        0         0         1         0
        0         0         0         1

scan_41 to scan_28
 0.933482 -0.358631         0  -775.701
 0.358631  0.933482         0   808.903
        0         0         1         0
        0         0         0         1

scan_42 to scan_28
0.988572 -0.15077        0 -810.334
 0.15077 0.988572        0  902.207
       0        0        1        0
       0        0        0        1

scan_43 to scan_28
  0.997741 -0.0672232          0   -827.623
 0.0672232   0.997741          0    1014.11
         0          0          1          0
         0          0          0          1

scan_45 to scan_45
 0.444484 -0.895787         0  -483.448
 0.895787  0.444484         0  -103.618
       -0         0         1         0
        0         0         0         1

scan_46 to scan_45
 0.503155 -0.864197         0  -534.219
 0.864197  0.503155         0  -69.7648
        0         0         1         0
        0         0         0         1

scan_47 to scan_45
-0.432996  0.901396         0  -572.901
-0.901396 -0.432996         0  -73.4863
        0         0         1         0
        0         0         0         1

scan_48 to scan_45
0.936241  0.35136        0  -512.03
-0.35136 0.936241        0 -34.3156
       0        0        1        0
       0        0        0        1

scan_49 to scan_45
   -0.970152     0.242502 -1.47011e-07     -497.982
   -0.242502    -0.970152   -1.387e-07      6.08389
-1.76258e-07 -9.89101e-08            1 -6.79819e-06
           0            0            0            1

scan_50 to scan_45
    0.979671     0.200611 -2.94675e-07     -446.081
   -0.200611     0.979671 -3.80963e-09      6.09568
 2.87919e-07  6.28474e-08            1 -5.54456e-06
           0            0            0            1

scan_51 to scan_45
    0.520646     0.853772 -2.29655e-07     -486.531
   -0.853772     0.520646 -3.75566e-07       61.134
 -2.0108e-07   3.9161e-07            1 -1.42993e-05
           0            0            0            1

scan_52 to scan_45
    0.629558     0.776953 -4.99475e-07     -540.419
   -0.776953     0.629558 -4.80911e-07      152.297
-5.91981e-08   6.9083e-07            1 -4.92242e-06
           0            0            0            1

scan_53 to scan_45
   -0.994564    -0.104116 -7.52888e-07     -582.616
    0.104116    -0.994564 -6.21202e-07      136.304
-6.84118e-07 -6.96214e-07            1  -5.4175e-05
           0            0            0            1

scan_54 to scan_54
   -0.880302    -0.474414 -1.93923e-07     -235.093
    0.474414    -0.880302  4.89281e-08      292.318
-1.93923e-07 -4.89281e-08            1            0
           0            0            0            1

scan_55 to scan_54
   -0.939965    -0.341271 -1.93923e-07     -254.474
    0.341271    -0.939965  4.89281e-08      236.123
-1.98978e-07 -2.01895e-08            1  -1.0089e-06
           0            0            0            1

scan_56 to scan_54
   -0.957635    -0.287985 -1.93923e-07     -261.398
    0.287985    -0.957635  4.89281e-08      205.822
-1.99798e-07 -8.99151e-09            1  -8.6912e-07
           0            0            0            1

scan_57 to scan_57
0.402067 -0.91561        0 -154.313
 0.91561 0.402067        0  200.986
      -0        0        1        0
       0        0        0        1

scan_59 to scan_59
   -0.833689    -0.552234 -1.91504e-07     -263.486
    0.552234    -0.833689  5.76734e-08      223.747
-1.91504e-07 -5.76734e-08            1            0
           0            0            0            1

scan_60 to scan_59
   -0.944179    -0.329433 -1.91504e-07     -274.029
    0.329433    -0.944179  5.76734e-08      170.842
-1.99814e-07 -8.63365e-09            1  1.03215e-06
           0            0            0            1

scan_61 to scan_59
   -0.963742    -0.266838 -1.91504e-07     -285.765
    0.266838    -0.963742  5.76734e-08      83.2432
 -1.9995e-07  4.48176e-09            1  3.83682e-06
           0            0            0            1

scan_62 to scan_59
   -0.948424    -0.317004 -1.91504e-07     -293.328
    0.317004    -0.948424  5.76734e-08      -27.598
 -1.9991e-07 -6.00865e-09            1  8.78098e-06
           0            0            0            1

scan_63 to scan_59
   -0.977987    -0.208663 -1.91504e-07     -308.919
    0.208663    -0.977987  5.76734e-08     -206.155
-1.99323e-07  1.64441e-08            1  1.60934e-05
           0            0            0            1

scan_64 to scan_59
    0.998397     0.056604 -1.91504e-07     -245.346
   -0.056604     0.998397  5.76734e-08     -350.081
 1.94462e-07 -4.67411e-08            1  3.65686e-05
           0            0            0            1

scan_65 to scan_59
   -0.128547    -0.991703 -1.91504e-07     -363.242
    0.991703    -0.128547  5.76734e-08     -197.712
-8.18122e-08 -1.82501e-07            1  5.20325e-06
           0            0            0            1

scan_66 to scan_59
   -0.971564     0.236775 -1.91504e-07      -482.47
   -0.236775    -0.971564  5.76734e-08     -369.617
-1.72403e-07  1.01377e-07            1 -7.71506e-06
           0            0            0            1

scan_67 to scan_59
    0.144094     0.989564 -1.91504e-07     -286.848
   -0.989564     0.144094  5.76734e-08     -465.467
 8.46661e-08  1.81195e-07            1  3.52754e-05
           0            0            0            1

scan_68 to scan_59
    0.949163    -0.314786 -1.91504e-07     -181.992
    0.314786     0.949163  5.76734e-08     -264.947
 1.63614e-07 -1.15024e-07            1  4.37911e-05
           0            0            0            1

scan_69 to scan_59
   -0.293279    -0.956027 -1.91504e-07     -438.144
    0.956027    -0.293279  5.76734e-08     -218.352
-1.11301e-07 -1.66169e-07            1 -7.95026e-06
           0            0            0            1

scan_70 to scan_59
   -0.924553     0.381054 -1.91504e-07     -480.335
   -0.381054    -0.924553  5.76734e-08     -486.501
-1.55079e-07  1.26295e-07            1 -5.65095e-07
           0            0            0            1

scan_71 to scan_59
    0.764996     0.644036 -1.91504e-07     -198.148
   -0.644036     0.764996  5.76734e-08     -495.531
 1.83644e-07  7.92155e-08            1  5.39957e-05
           0            0            0            1

scan_72 to scan_59
   -0.627206     0.778853 -1.91504e-07     -288.786
   -0.778853    -0.627206  5.76734e-08     -282.997
-7.51933e-08  1.85327e-07            1  2.43806e-05
           0            0            0            1

scan_73 to scan_59
    0.501263    -0.865295 -1.91504e-07     -119.527
    0.865295     0.501263  5.76734e-08     -137.918
 4.60894e-08 -1.94617e-07            1  4.84272e-05
           0            0            0            1

scan_74 to scan_59
   -0.311385     0.950283 -1.91504e-07     -233.417
   -0.950283    -0.311385  5.76734e-08     -316.744
 -4.8254e-09  1.99942e-07            1  3.69302e-05
           0            0            0            1

scan_75 to scan_59
    0.149084    -0.988824 -1.91504e-07     -179.664
    0.988824     0.149084  5.76734e-08     -114.224
-2.84786e-08 -1.97962e-07            1  3.55442e-05
           0            0            0            1

scan_76 to scan_59
   -0.199268     0.979944 -1.91504e-07     -180.543
   -0.979944    -0.199268  5.76734e-08     -323.635
 1.83562e-08  1.99156e-07            1  4.74533e-05
           0            0            0            1

scan_77 to scan_59
  -0.0435815    -0.999049 -1.91504e-07     -217.657
    0.999049   -0.0435815  5.76734e-08     -121.199
-6.59647e-08 -1.88808e-07            1  2.86706e-05
           0            0            0            1

scan_78 to scan_59
    0.115571     0.993298 -1.91504e-07     -79.9269
   -0.993298     0.115571  5.76734e-08     -300.017
 7.94193e-08  1.83555e-07            1  6.53596e-05
           0            0            0            1

scan_79 to scan_59
     0.27379    -0.961787 -1.91504e-07     -258.009
    0.961787      0.27379  5.76734e-08     -132.522
-3.03766e-09 -1.99977e-07            1  2.15962e-05
           0            0            0            1

scan_80 to scan_59
 -0.00411794     -0.99999 -1.91504e-07     -203.715
     0.99999  -0.00411794  5.76734e-08     -331.178
-5.84615e-08 -1.91265e-07            1  4.34508e-05
           0            0            0            1

scan_81 to scan_59
    0.989111    -0.147158 -1.91504e-07     -93.5081
    0.147158     0.989111  5.76734e-08     -465.652
 1.80932e-07 -8.52268e-08            1  7.23115e-05
           0            0            0            1

scan_82 to scan_59
    0.296359     0.955074 -1.91504e-07      -182.51
   -0.955074     0.296359  5.76734e-08     -582.265
 1.11836e-07  1.65808e-07            1  6.19928e-05
           0            0            0            1

