scan_1 to scan_1
    -0.46347     0.886113 -1.71083e-07     -230.317
   -0.886113     -0.46347 -1.03589e-07      438.186
-1.71083e-07  1.03589e-07            1            0
           0            0            0            1

scan_2 to scan_1
   0.999817 0.000589513  -0.0190984   0.0800123
-0.000495063    0.999988  0.00494978  -0.0277418
   0.019101 -0.00493942    0.999805 -0.00222834
          0           0           0           1

scan_3 to scan_2
   0.999971 -0.00196635 -0.00739093  -0.0334056
 0.00191909    0.999978 -0.00639527    0.135798
 0.00740334   0.0063809    0.999952    0.148909
          0           0           0           1

scan_4 to scan_3
    0.999899 -0.000636192    0.0142208    -0.116308
 0.000474762     0.999935    0.0113521    0.0956219
  -0.0142272   -0.0113442     0.999834   -0.0788294
           0            0            0            1

scan_5 to scan_1
   0.999992 1.56562e-06 -0.00407457 -0.00685293
-5.65986e-05    0.999909  -0.0135064    0.103786
 0.00407417   0.0135065      0.9999    -0.06597
          0           0           0           1

scan_21 to scan_20
    0.999772  0.000756249   -0.0213236 -0.000975739
-0.000534247     0.999946    0.0104149   -0.0703123
   0.0213303   -0.0104011     0.999718     0.261419
           0            0            0            1

scan_22 to scan_21
    0.999989 -0.000525316   0.00467591   -0.0397839
 0.000547876     0.999988  -0.00482486  -0.00288475
 -0.00467332   0.00482737     0.999978     0.315207
           0            0            0            1

scan_23 to scan_22
    0.999997   0.00262573 -0.000429191   -0.0180421
 -0.00262441     0.999992    0.0030492    -0.118804
 0.000437193  -0.00304806     0.999996     0.248517
           0            0            0            1

scan_24 to scan_23
    0.999957 -0.000537396   0.00926878   -0.0476295
  0.00051264     0.999996   0.00267306   -0.0226154
 -0.00927018   -0.0026682     0.999953     0.354108
           0            0            0            1

scan_25 to scan_24
   0.999998 7.50356e-05 -0.00204427  -0.0133978
-8.97837e-05    0.999974 -0.00721527  -0.0513955
 0.00204367  0.00721544    0.999972    0.141602
          0           0           0           1

scan_26 to scan_25
   0.999995  0.00198455  0.00241531  -0.0929441
-0.00202214    0.999875   0.0156649 -0.00531285
-0.00238392  -0.0156697    0.999875    0.316989
          0           0           0           1

scan_27 to scan_26
    0.999502 -0.000687747    0.0315575   -0.0640694
 0.000390619     0.999956   0.00942067   -0.0749792
  -0.0315626  -0.00940365     0.999458     0.631389
           0            0            0            1

