scan_2 to scan_1
     0.9999 0.000795747    -0.01412   0.0300631
-0.000776489    0.999999  0.00136928  0.00705154
   0.014121 -0.00135817    0.999899  -0.0366224
          0           0           0           1

scan_3 to scan_2
   0.999981 -0.00320561  -0.0053078   -0.114585
 0.00317444    0.999978  -0.0058721    0.134158
  0.0053265  0.00585514    0.999969   0.0748404
          0           0           0           1

scan_4 to scan_3
   0.999988 0.000159767  0.00482738  -0.0243611
-0.000180814     0.99999  0.00435985   0.0932142
-0.00482664 -0.00436067    0.999979  -0.0344947
          0           0           0           1

scan_5 to scan_1
    0.999984 -0.000455685   -0.0056723   0.00154607
 0.000396914     0.999946   -0.0103578    0.0676398
  0.00567672    0.0103554      0.99993    -0.078861
           0            0            0            1

scan_6 to scan_5
  0.999926 0.00102775  0.0120994 -0.0100228
-0.0012797   0.999782  0.0208343   0.172514
-0.0120753 -0.0208482    0.99971  -0.353701
         0          0          0          1

scan_7 to scan_6
   0.999749 -0.00488155  -0.0218745   0.0176775
 0.00453827    0.999866  -0.0157153     0.15678
  0.0219483   0.0156121    0.999637  -0.0547633
          0           0           0           1

scan_8 to scan_7
    0.999851   -0.0135513    0.0106679    0.0724498
   0.0135482     0.999908   0.00036308     0.115401
  -0.0106718 -0.000218495     0.999943    -0.108879
           0            0            0            1

scan_9 to scan_8
   0.999955 -0.00419304  0.00847492  -0.0663807
 0.00421445    0.999988  -0.0025101    0.195936
-0.00846429   0.0025457    0.999961    0.146872
          0           0           0           1

scan_10 to scan_9
   0.999938 -0.00114701   0.0110633   0.0163532
   0.001197    0.999989 -0.00451295   0.0873413
  -0.011058  0.00452591    0.999929    0.231724
          0           0           0           1

scan_11 to scan_10
   0.999394  0.00152162  -0.0347735    0.276441
-0.00167357    0.999989 -0.00434109  -0.0657973
  0.0347665  0.00439666    0.999386    0.460392
          0           0           0           1

scan_12 to scan_11
  0.997999 0.00140683  0.0632116  -0.318467
-0.000242284    0.99983 -0.0184269   0.169559
-0.0632268  0.0183747    0.99783   0.554735
         0          0          0          1

scan_13 to scan_12
    0.999475 -7.40432e-05     0.032388   -0.0434815
 9.34443e-05            1  -0.00059751    0.0426093
   -0.032388  0.000600223     0.999475     0.220589
           0            0            0            1

scan_14 to scan_13
   0.999436 0.000672431   -0.033558    0.112024
-0.00114846    0.999899  -0.0141678 -0.00598196
  0.0335451   0.0141984    0.999336    0.551098
          0           0           0           1

scan_15 to scan_14
    0.99996  0.00302758  0.00847297   0.0489855
-0.00308301    0.999974  0.00653683  -0.0413243
-0.00845296 -0.00656269    0.999943     0.17123
          0           0           0           1

scan_16 to scan_15
   0.999977 -0.00340929 -0.00582074    0.161913
 0.00350871    0.999847   0.0171559  -0.0913359
 0.00576135  -0.0171759    0.999836  -0.0954272
          0           0           0           1

scan_17 to scan_16
   0.999938 0.000698424  -0.0111567  0.00329319
-0.00065372    0.999992  0.00401005  -0.0346268
  0.0111594 -0.00400251     0.99993   0.0185629
          0           0           0           1

scan_18 to scan_17
    0.999829  -0.00171417   -0.0183893 -0.000477698
  0.00167181     0.999996  -0.00231878   0.00871191
   0.0183932   0.00228764     0.999828     0.172305
           0            0            0            1

scan_19 to scan_18
   0.999987 -0.00124814    0.004898    0.112844
 0.00123094    0.999993  0.00351247   0.0247957
-0.00490235  -0.0035064    0.999982   0.0400505
          0           0           0           1

scan_20 to scan_19
   0.999434 -0.00140634  -0.0336164    0.058379
 0.00209411    0.999789   0.0204328  -0.0550866
  0.0335805  -0.0204916    0.999226    0.231816
          0           0           0           1

scan_21 to scan_20
  0.999799 0.00196535 -0.0199652  0.0302596
-0.00180499   0.999966 0.00804715 -0.0260854
 0.0199804 -0.0080095   0.999768  0.0609739
         0          0          0          1

scan_22 to scan_21
   0.999984  0.00353776  0.00438847  -0.0591555
-0.00352515     0.99999 -0.00287739   -0.078942
-0.00439861  0.00286188    0.999986    0.229841
          0           0           0           1

scan_23 to scan_22
   0.999998  0.00203629 1.32578e-06  -0.0346933
 -0.0020362    0.999952  0.00963315   -0.124726
1.82899e-05 -0.00963314    0.999954  -0.0854766
          0           0           0           1

scan_24 to scan_23
    0.999935 -0.000151216    0.0114463   -0.0411405
 0.000148235            1  0.000261304    0.0156716
  -0.0114464  -0.00025959     0.999934     0.198084
           0            0            0            1

scan_25 to scan_24
           1  0.000538136 -0.000207054   -0.0341562
-0.000539845     0.999965  -0.00834609   -0.0417944
 0.000202556    0.0083462     0.999965     0.109957
           0            0            0            1

scan_26 to scan_25
  0.999995 0.00183384 0.00266643  -0.086533
-0.00188253    0.99983  0.0183722 -0.0156137
-0.00263229 -0.0183771   0.999828   0.324588
         0          0          0          1

scan_27 to scan_26
    0.998944 -8.05329e-05    0.0459537    -0.188186
-0.000867629     0.999787    0.0206127   -0.0520868
  -0.0459456   -0.0206308     0.998731     0.611086
           0            0            0            1

