scan_2 to scan_1
   0.999819 -0.00113043   -0.018998   0.0568631
 0.00116318    0.999998  0.00171262  -0.0046365
   0.018996 -0.00173441    0.999818    0.097352
          0           0           0           1

scan_3 to scan_2
    0.999989 -0.000115406  -0.00478689   -0.0582621
 4.61601e-05     0.999895   -0.0144632     0.189548
  0.00478806    0.0144629     0.999884     0.335951
           0            0            0            1

scan_4 to scan_3
    0.999999  -0.00157369 -0.000429492  -0.00166551
  0.00157929     0.999909    0.0133689     0.199673
 0.000408414   -0.0133695     0.999911     0.321267
           0            0            0            1

scan_5 to scan_1
   0.999996 0.000559083 -0.00286098 0.000391224
-0.000619243    0.999778  -0.0210703    0.148351
 0.00284857    0.021072    0.999774      0.0234
          0           0           0           1

scan_6 to scan_5
    0.999931 -0.000756912     0.011719   -0.0220396
  0.00040797     0.999557    0.0297495     0.103616
  -0.0117364   -0.0297426     0.999489     -0.30512
           0            0            0            1

scan_7 to scan_6
   0.999728 -0.00502376  -0.0227809  -0.0182567
 0.00457772    0.999798  -0.0195893    0.225407
  0.0228747   0.0194797    0.999549    0.351605
          0           0           0           1

scan_8 to scan_7
   0.999731  -0.0114908  -0.0201676    0.329889
  0.0116535      0.9999  0.00796841   0.0482857
  0.0200741 -0.00820128    0.999765    0.595704
          0           0           0           1

scan_9 to scan_8
   0.999983 -0.00492734  -0.0030092  -0.0423168
 0.00487149    0.999821   -0.018294    0.368183
  0.0030988    0.018279    0.999828    0.681556
          0           0           0           1

scan_10 to scan_9
   0.999968  0.00340813  0.00718101   0.0847247
-0.00342181    0.999992  0.00189424  -0.0420728
 -0.0071745 -0.00191876    0.999972    0.115531
          0           0           0           1

scan_11 to scan_10
   0.998948  0.00143834  -0.0458324     0.30556
-0.00137502    0.999998  0.00141304  -0.0626357
  0.0458343 -0.00134853    0.998948    0.806098
          0           0           0           1

scan_12 to scan_11
   0.997296 0.000774916   0.0734817   -0.422966
-0.000422557    0.999988 -0.00481062  0.00658812
 -0.0734846  0.00476656    0.997285    0.656723
          0           0           0           1

scan_13 to scan_12
   0.999397 -0.00076938   0.0347195   -0.090377
0.000705685    0.999998  0.00184675    0.108885
 -0.0347209 -0.00182114    0.999395     0.83028
          0           0           0           1

scan_14 to scan_13
   0.998969 -0.00317302  -0.0452885  -0.0186752
 0.00204755    0.999688   -0.024876     1.17126
  0.0453533   0.0247576    0.998664     1.15368
          0           0           0           1

scan_15 to scan_14
   0.999883 -0.00117468   0.0152369  -0.0455982
0.000796363    0.999692   0.0248112  -0.0985444
 -0.0152613  -0.0247962    0.999576     1.02947
          0           0           0           1

scan_16 to scan_15
   0.999757 -0.00541558  -0.0213698    0.233094
 0.00591355    0.999711   0.0233085    0.496959
  0.0212374  -0.0234292      0.9995    0.475528
          0           0           0           1

scan_17 to scan_16
   0.999857 -0.00265995  -0.0166989    0.209781
 0.00270152    0.999993  0.00246738  -0.0130532
  0.0166922 -0.00251213    0.999858    0.346866
          0           0           0           1

scan_18 to scan_17
   0.999763 -0.00262363  -0.0216149   0.0661747
 0.00250388    0.999981 -0.00556501  -0.0341183
  0.0216291  0.00550957    0.999751    0.859259
          0           0           0           1

scan_19 to scan_18
    0.99998 -0.00157727  0.00606223    0.122351
 0.00145152    0.999785   0.0206916   -0.229168
-0.00609356  -0.0206824    0.999768      1.1046
          0           0           0           1

scan_20 to scan_19
  0.998575 -0.0019565 -0.0533352   0.323816
0.00325703   0.999699  0.0243081 -0.0463414
 0.0532716 -0.0244471   0.998281    1.16357
         0          0          0          1

scan_21 to scan_20
  0.999822 0.00157965 -0.0188179  0.0276985
-0.00111374   0.999693  0.0247436  -0.149007
 0.0188512 -0.0247183   0.999517   0.469858
         0          0          0          1

scan_22 to scan_21
  0.999996 0.00222638  0.0017345 -0.0379215
-0.00224447   0.999942  0.0105016 -0.0738503
-0.00171102 -0.0105055   0.999943   0.572155
         0          0          0          1

scan_23 to scan_22
  0.999503 0.00433054 -0.0312284   0.206742
-0.00171528   0.996524  0.0832914  -0.688563
 0.0314805 -0.0831964   0.996036   0.953903
         0          0          0          1

scan_24 to scan_23
   0.999978  0.00381613  0.00546456    -0.11277
-0.00380636    0.999991 -0.00179701   0.0150362
-0.00547137  0.00177617    0.999983    0.238428
          0           0           0           1

scan_25 to scan_24
   0.999988 -0.00218394 -0.00441833   0.0763833
 0.00212559    0.999911  -0.0131698   0.0356668
  0.0044467   0.0131603    0.999904    0.165034
          0           0           0           1

scan_26 to scan_25
  0.999951 0.00326222 -0.0093706   0.013555
-0.00302647   0.999681  0.0250637 -0.0734776
0.00944938 -0.0250341   0.999642   0.648978
         0          0          0          1

scan_27 to scan_26
   0.999973  0.00662702 -0.00305311    0.175847
-0.00602945    0.986154    0.165721   -0.840245
 0.00410908   -0.165699    0.986168     2.87844
          0           0           0           1

