scan_1 to scan_1
1 0 0 0
0 1 0 0
0 0 1 0
0 0 0 1

scan_2 to scan_1
   0.998509  -0.0511721   -0.018998     3.23777
  0.0512137    0.998686  0.00171262    -19.8879
  0.0188854 -0.00268302    0.999818    0.191853
          0           0           0           1

scan_3 to scan_1
   0.999735 0.000174861  -0.0230354     4.89914
-0.000473898    0.999916   -0.012977     -46.183
  0.0230312   0.0129844     0.99965    0.222352
          0           0           0           1

scan_4 to scan_1
   0.999053  -0.0366351  -0.0234604     7.25194
  0.0366544    0.999328 0.000392136     -72.101
  0.0234303 -0.00125169    0.999725    0.611728
          0           0           0           1

scan_5 to scan_1
   0.999971  0.00705521 -0.00286098    -1.42888
-0.00711395    0.999753  -0.0210703     5.01216
 0.00271162     0.02109    0.999774    0.121815
          0           0           0           1

scan_6 to scan_1
    0.99968  -0.0236207  0.00906905     1.89419
  0.0235429    0.999686  0.00859923    -30.3627
-0.00926932 -0.00838297    0.999922   0.0937324
          0           0           0           1

scan_7 to scan_1
  0.998429  -0.054439 -0.0132459    4.12151
 0.0542877   0.998459 -0.0115241   -50.7911
 0.0138529  0.0107869   0.999846   0.235284
         0          0          0          1

scan_8 to scan_1
   0.996398  -0.0777601  -0.0338126     6.44936
  0.0776466     0.99697 -0.00466015    -67.3156
  0.0340725  0.00201794    0.999417    0.826628
          0           0           0           1

scan_9 to scan_1
  0.999164  0.0206464 -0.0353826    8.48642
-0.0214726   0.999506 -0.0231315    -86.559
 0.0348875   0.023872   0.999106    1.12868
         0          0          0          1

scan_10 to scan_1
    0.99959 -0.00587093  -0.0281675     10.7699
 0.00526914    0.999761  -0.0213918    -107.822
  0.0282864   0.0212346    0.999374    0.854016
          0           0           0           1

scan_11 to scan_1
   0.997217 -0.00977091  -0.0739597      14.165
 0.00829786    0.999766  -0.0201981    -135.473
  0.0741394   0.0195282    0.997057     1.33921
          0           0           0           1

scan_12 to scan_1
   -0.027563    -0.999624 -0.000434674      20.1315
    0.999328   -0.0275443    -0.024343     -143.246
   0.0243219  -0.00110562     0.999704      1.77656
           0            0            0            1

scan_13 to scan_1
 -0.0342118   -0.999413 -0.00323744     37.4478
   0.999364  -0.0342435   0.0103171    -141.841
 -0.0104216 -0.00288268    0.999942     2.64503
          0           0           0           1

scan_14 to scan_1
 0.0136295  -0.999643  0.0231777    51.8987
  0.999341  0.0128346 -0.0341046   -140.319
 0.0337949  0.0236268    0.99915    3.48658
         0          0          0          1

scan_15 to scan_1
 -0.0495413   -0.998778 -0.00142681     77.2515
   0.998608  -0.0495064  -0.0185449    -137.918
  0.0184516  -0.0023438    0.999827     4.59335
          0           0           0           1

scan_16 to scan_1
 0.0973897   0.995857 -0.0236475    88.1868
 -0.995391  0.0963682 -0.0410296   -136.765
-0.0385805  0.0275343   0.998878    5.38203
         0          0          0          1

scan_17 to scan_1
-0.0222969    1.00038 -0.0228132    106.004
  -1.00033 -0.0228486  -0.024164   -135.829
-0.0247241  0.0222828   0.999448    6.15489
         0          0          0          1

scan_18 to scan_1
 -0.0941722    0.996053  -0.0278927      119.42
   -0.99643  -0.0942769 -0.00240878    -133.797
-0.00509608   0.0275524    0.999609     7.39232
          0           0           0           1

scan_19 to scan_1
 -0.0646145    0.998765 -0.00784723     129.485
  -0.998736   -0.064696  -0.0103995    -132.597
 -0.0109501  0.00718964    0.999916     8.58457
          0           0           0           1

scan_20 to scan_1
  0.996402 -0.0910162  0.0198905    130.458
 0.0901371   0.995823  0.0413135   -123.064
-0.0234781 -0.0392343   0.998956    9.31679
         0          0          0          1

scan_21 to scan_1
   0.997997   0.0742716 -0.00112139      128.86
 -0.0740481    0.995944   0.0642376    -106.172
 0.00591985  -0.0638437    0.997944       8.697
          0           0           0           1

scan_22 to scan_1
   1.00019 -0.0335034 0.00138967    126.214
 0.0333054   0.997414  0.0745645   -84.2244
-0.00382856 -0.0743393   0.997227    7.63662
         0          0          0          1

scan_23 to scan_1
  0.997394 -0.0751308 -0.0326407    124.506
 0.0793322   0.985281   0.156305   -69.0166
 0.0204399  -0.158171   0.987202    6.07495
         0          0          0          1

scan_24 to scan_1
  0.999387  0.0446159 -0.0270548     121.88
-0.0399081   0.987871   0.154965   -44.6517
 0.0336339  -0.153476   0.987581    2.42828
         0          0          0          1

scan_25 to scan_1
  0.999087 -0.0479003 -0.0320554        120
 0.0519865    0.98924   0.142117   -24.3449
 0.0249172  -0.143358   0.989359  -0.377572
         0          0          0          1

scan_26 to scan_1
   0.999841 0.000273034  -0.0426066     118.031
 0.00681878    0.986798    0.166373    -8.67113
  0.0420741   -0.166305    0.985178    -2.44786
          0           0           0           1

scan_27 to scan_1
  0.997981 -0.0591906 -0.0450246    115.924
 0.0707054   0.942966   0.327584    13.8191
 0.0230851  -0.329537   0.943862   -7.48118
         0          0          0          1

scan_28 to scan_28 
1 0 0 0
0 1 0 0
0 0 1 0
0 0 0 1

scan_29 to scan_28
   0.998701   0.0423626  -0.0283075   -0.192791
 -0.0424757    0.999092 -0.00340823      6.1943
  0.0281374  0.00460618    0.999593    0.212928
          0           0           0           1

scan_30 to scan_28
   0.998896  -0.0469792 0.000546163    0.422766
   0.046982    0.998866  -0.0076423     13.8351
-0.000186512  0.00765952    0.999971    0.328193
          0           0           0           1

scan_31 to scan_28
   0.999773   0.0183393   0.0108475    0.527055
 -0.0184202    0.999803  0.00740152     22.5809
 -0.0107097 -0.00759965    0.999914     0.61938
          0           0           0           1

scan_32 to scan_28
    0.997272   -0.0737789  -0.00239782     0.364129
   0.0737773     0.997274 -0.000737839       29.136
  0.00244573  0.000558922     0.999997      1.05365
           0            0            0            1

scan_33 to scan_28
   0.999446  -0.0332822 0.000622452    0.603389
  0.0332768    0.999419  0.00730278     35.9282
-0.000865138 -0.00727802    0.999973     1.30357
          0           0           0           1

scan_34 to scan_28
   0.994992    0.099054  -0.0133949    0.390234
 -0.0990093    0.995078  0.00395349     41.0622
  0.0137206 -0.00260747    0.999902     1.55862
          0           0           0           1

scan_35 to scan_28
   0.997321   0.0702773  -0.0202859    0.353225
 -0.0700863    0.997491  0.00997752     45.3949
  0.0209362 -0.00852903    0.999744     1.74128
          0           0           0           1

scan_36 to scan_28
  0.990004   0.139806 -0.0186021  0.0387684
 -0.139557   0.990114  0.0140572    50.8394
 0.0203835 -0.0113206   0.999728    1.81789
         0          0          0          1

