scan_1 to scan_1
1 0 0 0
0 1 0 0
0 0 1 0
0 0 0 1

scan_2 to scan_1
   0.998687  -0.0492524    -0.01412     3.17292
  0.0492765    0.998784  0.00136928    -19.8824
  0.0140354 -0.00206326    0.999899    0.034996
          0           0           0           1

scan_3 to scan_1
    0.999817 -0.000800833   -0.0191311      4.81243
 0.000709947     0.999989  -0.00475728     -46.2358
   0.0191347   0.00474282     0.999806    0.0156459
           0            0            0            1

scan_4 to scan_1
    0.999246   -0.0361089   -0.0143077      7.13699
   0.0361069     0.999348 -0.000393953     -72.2571
   0.0143126 -0.000122953     0.999897   0.00444747
           0            0            0            1

scan_5 to scan_1
  0.999966 0.00604038 -0.0056723   -1.43265
-0.00609891   0.999928 -0.0103578    4.93081
0.00560933  0.0103921    0.99993 -0.0366212
         0          0          0          1

scan_6 to scan_1
  0.999718 -0.0228168 0.00655413     1.8754
 0.0227479   0.999687  0.0104041     -30.38
-0.00678947 -0.0102521   0.999924 -0.0410495
         0          0          0          1

scan_7 to scan_1
  0.998452 -0.0535694  -0.014958    4.11882
 0.0534878   0.998552 -0.0058076   -50.8826
 0.0152475 0.00499853   0.999871  -0.184176
         0          0          0          1

scan_8 to scan_1
   0.996861  -0.0790596 -0.00432522     6.21763
  0.0790384     0.99686 -0.00487411    -67.3438
 0.00469699  0.00451694    0.999979   -0.363393
          0           0           0           1

scan_9 to scan_1
   0.999779    0.020735  0.00432171     8.26605
 -0.0207058    0.999767 -0.00670629    -86.7616
-0.00445975  0.00661532    0.999968   -0.356655
          0           0           0           1

scan_10 to scan_1
  0.999833  -0.010392  0.0152886    10.5855
 0.0105676   0.999883 -0.0114468   -107.885
-0.0151678  0.0116064   0.999817   -0.40242
         0          0          0          1

scan_11 to scan_1
  0.999714 -0.0141926 -0.0194433    14.1108
 0.0138794   0.999778 -0.0161478    -135.51
  0.019668  0.0158732    0.99968  -0.329156
         0          0          0          1

scan_12 to scan_1
-0.0313343  -0.998541   0.044054    20.2393
  0.998899 -0.0328305 -0.0336582   -143.079
 0.0350552  0.0429505   0.998461  -0.323631
         0          0          0          1

scan_13 to scan_1
 -0.0388065   -0.998298   0.0436126     37.6072
   0.999247  -0.0388988 -0.00126861    -141.532
 0.00296297   0.0435302    0.999047   -0.860595
          0           0           0           1

scan_14 to scan_1
 0.0137503  -0.998166  0.0590297    53.2346
  0.999349  0.0117411 -0.0342494   -139.835
 0.0334933  0.0594618   0.997668   -1.17861
         0          0          0          1

scan_15 to scan_1
-0.0456094  -0.997579   0.052618    78.4921
  0.998571 -0.0470105 -0.0257032   -137.373
 0.0281144  0.0513701   0.998283   -2.27485
         0          0          0          1

scan_16 to scan_1
 0.0907287   0.996125  0.0357605    90.0168
 -0.996136  0.0918921 -0.0323179   -136.303
-0.0354785   -0.03269   0.998837   -2.75085
         0          0          0          1

scan_17 to scan_1
-0.0314758    0.99964  0.0387402    107.803
   -1.0002 -0.0306839 -0.0208336   -135.289
-0.0196577 -0.0393989   0.999032   -3.40089
         0          0          0          1

scan_18 to scan_1
  -0.102917     0.99489   0.0369945     121.304
  -0.995578   -0.102898 -0.00236594     -133.29
 0.00140002  -0.0370775    0.999313    -3.72344
          0           0           0           1

scan_19 to scan_1
 -0.0739754    0.997345   0.0399842     131.658
  -0.998136  -0.0737272 -0.00760366    -132.196
-0.00467955  -0.0404678    0.999172     -4.0886
          0           0           0           1

scan_20 to scan_1
  0.995407 -0.0819455  0.0628186    132.743
 0.0805527   0.997201  0.0244495   -122.392
-0.0645904  -0.019181   0.997729   -4.16708
         0          0          0          1

scan_21 to scan_1
  0.996368  0.0835466  0.0422711    131.291
 -0.084879   0.996674  0.0308602   -105.352
-0.0395444 -0.0342253   0.998633   -4.57015
         0          0          0          1

scan_22 to scan_1
  0.999419 -0.0226627  0.0464026    128.875
 0.0213992    1.00014  0.0276194   -83.3538
-0.0470094 -0.0265061   0.998544   -4.83391
         0          0          0          1

scan_23 to scan_1
  0.997437 -0.0670266  0.0461835     127.03
 0.0653368   0.997922  0.0372527   -67.4512
-0.0485535 -0.0340223   0.998242     -5.427
         0          0          0          1

scan_24 to scan_1
  0.997905   0.048664    0.05758    124.597
-0.0509089    0.99872  0.0382589   -42.8039
-0.0556103 -0.0409874   0.997612   -6.03085
         0          0          0          1

scan_25 to scan_1
  0.998317 -0.0401933  0.0569652    122.773
 0.0385377   0.999558  0.0299327   -22.3659
-0.0580995 -0.0275803   0.997931   -6.42709
         0          0          0          1

scan_26 to scan_1
  0.999004 0.00466117  0.0588789    120.812
-0.00751352   0.999549  0.0483944   -6.49097
-0.0585855 -0.0486524   0.997097   -6.75472
         0          0          0          1

scan_27 to scan_1
  0.992821 -0.0694306   0.104808    118.255
 0.0624453    0.99644  0.0685911    17.6313
 -0.109076 -0.0613954   0.992136   -7.54319
         0          0          0          1

