scan_1 to scan_1 
1 0 0 0
0 1 0 0
0 0 1 0
0 0 0 1

scan_2 to scan_1
  0.998747 -0.0500521          0      3.159
 0.0500521   0.998747          0    -19.887
         0          0          1          0
         0          0          0          1

scan_3 to scan_1
  0.999999 0.00169515          0    4.85482
-0.00169515   0.999999          0   -46.3733
         0          0          1          0
         0          0          0          1

scan_4 to scan_1
  0.999427 -0.0338611          0    7.14455
 0.0338611   0.999427          0   -72.4932
         0          0          1          0
         0          0          0          1

scan_5 to scan_1
  0.999979 0.00649617          0     -1.432
-0.00649617   0.999979          0      4.864
         0          0          1          0
         0          0          0          1

scan_6 to scan_1
  0.999724 -0.0235061          0    1.90754
 0.0235061   0.999724          0   -30.6224
         0          0          1          0
         0          0          0          1

scan_7 to scan_1
 0.998775 -0.049491         0   4.05297
 0.049491  0.998775         0  -51.2907
        0         0         1         0
        0         0         0         1

scan_8 to scan_1
  0.998109 -0.0614727          0    5.79136
 0.0614727   0.998109          0   -67.9051
         0          0          1          0
         0          0          0          1

scan_9 to scan_1
 0.999098 0.0425592         0   7.49349
-0.0425592  0.999098         0  -87.5546
        0         0         1         0
        0         0         0         1

scan_10 to scan_1
 0.999925 0.0125672         0   9.30644
-0.0125672  0.999925         0  -108.812
        0         0         1         0
        0         0         0         1

scan_11 to scan_1
 0.999978 0.0071768         0   11.9585
-0.0071768  0.999978         0  -136.435
        0         0         1         0
        0         0         0         1

scan_12 to scan_1
-0.0110387  -0.999943          0    18.2662
  0.999943 -0.0110387          0   -144.304
         0          0          1          0
         0          0          0          1

scan_13 to scan_1
-0.0170161  -0.999859          0    35.7129
  0.999859 -0.0170161          0   -143.087
         0          0          1          0
         0          0          0          1

scan_14 to scan_1
0.0329981  -0.99946         0   51.3689
  0.99946 0.0329981         0  -141.832
        0         0         1         0
        0         0         0         1

scan_15 to scan_1
-0.0290319  -0.999585          0    76.6456
  0.999585 -0.0290319          0   -139.867
         0          0          1          0
         0          0          0          1

scan_16 to scan_1
0.0710144  0.998366         0   88.1143
-0.998366 0.0710144         0  -139.205
        0         0         1         0
        0         0         0         1

scan_17 to scan_1
-0.0510711   0.999582          0    105.964
 -0.999582 -0.0510711          0   -138.547
         0          0          1          0
         0          0          0          1

scan_18 to scan_1
-0.124826   0.99307         0   119.499
 -0.99307 -0.124826         0  -136.844
        0         0         1         0
        0         0         0         1

scan_19 to scan_1
-0.0968126   0.996191          0    129.985
 -0.996191 -0.0968126          0   -135.917
         0          0          1          0
         0          0          0          1

scan_20 to scan_1
  0.999139 -0.0590812          0    131.318
 0.0590812   0.999139          0   -126.116
         0          0          1          0
         0          0          0          1

scan_21 to scan_1
0.995286 0.105718        0  130.267
-0.105718 0.995286        0  -108.98
       0        0        1        0
       0        0        0        1

scan_22 to scan_1
    1.00088 -0.00205296           0     128.336
 0.00205296     1.00088           0    -86.8846
          0           0           1           0
          0           0           0           1

scan_23 to scan_1
  0.999652 -0.0496591          0     126.79
 0.0496591   0.999652          0   -70.6994
         0          0          1          0
         0          0          0          1

scan_24 to scan_1
0.998703  0.06604        0   124.86
-0.06604 0.998703        0 -46.0199
       0        0        1        0
       0        0        0        1

scan_25 to scan_1
    1.0006 -0.0239724          0    123.396
 0.0239724     1.0006          0   -25.5107
         0          0          1          0
         0          0          0          1

scan_26 to scan_1
  1.00068 0.0201803         0   121.745
-0.0201803   1.00068         0  -9.58354
        0         0         1         0
        0         0         0         1

scan_27 to scan_1
  0.999477 -0.0530583          0    119.733
 0.0530583   0.999477          0    14.6403
         0          0          1          0
         0          0          0          1

scan_28 to scan_28 
1 0 0 0
0 1 0 0
0 0 1 0
0 0 0 1

scan_29 to scan_28
   0.9991 0.0424169         0    -0.319
-0.0424169    0.9991         0     6.342
        0         0         1         0
        0         0         0         1

scan_30 to scan_28
  0.998901 -0.0468681          0   0.424913
 0.0468681   0.998901          0    14.0334
         0          0          1          0
         0          0          0          1

scan_31 to scan_28
 0.999842 0.0177582         0  0.610833
-0.0177582  0.999842         0   22.8087
        0         0         1         0
        0         0         0         1

scan_32 to scan_28
  0.997312 -0.0732706          0   0.441455
 0.0732706   0.997312          0    29.4338
         0          0          1          0
         0          0          0          1

scan_33 to scan_28
  0.999486 -0.0320585          0    0.64954
 0.0320585   0.999486          0    36.4007
         0          0          1          0
         0          0          0          1

scan_34 to scan_28
 0.995044 0.0994377         0  0.472273
-0.0994377  0.995044         0   41.4907
        0         0         1         0
        0         0         0         1

scan_35 to scan_28
  0.99731 0.0733067         0  0.441436
-0.0733067   0.99731         0   45.8584
        0         0         1         0
        0         0         0         1

scan_36 to scan_28
0.989946  0.14145        0 0.206626
-0.14145 0.989946        0  51.2852
       0        0        1        0
       0        0        0        1

scan_37 to scan_28
0.991571 0.129566        0 0.159715
-0.129566 0.991571        0  57.6165
       0        0        1        0
       0        0        0        1

scan_38 to scan_28
 0.997898 0.0648061         0    1.8315
-0.0648061  0.997898         0   65.0929
        0         0         1         0
        0         0         0         1

scan_39 to scan_28
0.986226 0.165404        0 0.428059
-0.165404 0.986226        0  71.5354
       0        0        1        0
       0        0        0        1

scan_40 to scan_28
  0.999858 -0.0168727          0   0.155586
 0.0168727   0.999858          0    79.5418
         0          0          1          0
         0          0          0          1

scan_41 to scan_28
  0.989531   0.144322          0 0.00884274
 -0.144322   0.989531          0    85.9262
         0          0          1          0
         0          0          0          1

scan_42 to scan_28
0.983819 0.179168        0 0.450647
-0.179168 0.983819        0  92.7317
       0        0        1        0
       0        0        0        1

scan_43 to scan_28
0.991287 0.131723        0 0.361555
-0.131723 0.991287        0  102.987
       0        0        1        0
       0        0        0        1

scan_45 to scan_45 
1 0 0 0
0 1 0 0
0 0 1 0
0 0 0 1

scan_46 to scan_45
 0.999445 0.0333172         0     3.375
-0.0333172  0.999445         0    30.328
        0         0         1         0
        0         0         0         1

scan_47 to scan_45
-0.023052 -0.999734         0  -9.00219
 0.999734 -0.023052         0   44.7254
        0         0         1         0
        0         0         0         1

scan_48 to scan_45
-0.055893 -0.998437         0  -35.3896
 0.998437 -0.055893         0   41.7493
        0         0         1         0
        0         0         0         1

scan_49 to scan_45
    0.898062      0.43987  1.10545e-07     -19.0787
    -0.43987     0.898062 -1.66673e-07      71.5846
-1.72591e-07  1.01057e-07            1            0
           0            0            0            1

scan_50 to scan_45
    0.436036    -0.899929  1.10545e-07     -64.3477
    0.899929     0.436036 -1.66673e-07      57.7843
 1.01792e-07  1.72158e-07            1  2.70414e-06
           0            0            0            1

scan_51 to scan_45
    -0.98889     0.148647 -5.05397e-08     -68.8683
   -0.148647     -0.98889 -2.85212e-07      38.8219
-9.23742e-08 -2.74531e-07            1  4.33679e-08
           0            0            0            1

scan_52 to scan_45
   -0.140819    -0.990035 -5.05397e-08     -68.5471
    0.990035    -0.140819 -2.85212e-07      1.48078
 2.75253e-07 -9.01993e-08            1 -1.05905e-05
           0            0            0            1

scan_53 to scan_45
   -0.948604    -0.316465 -5.05397e-08     -55.0486
    0.316465    -0.948604 -2.85212e-07     -37.5059
 4.23175e-08 -2.86547e-07            1 -2.10278e-05
           0            0            0            1

scan_54 to scan_54 
1 0 0 0
0 1 0 0
0 0 1 0
0 0 0 1

scan_55 to scan_54
0.997336 -0.07295        0   -3.728
 0.07295 0.997336        0   29.507
       0        0        1        0
       0        0        0        1

scan_56 to scan_54
  0.997915 -0.0645359          0   -3.78293
 0.0645359   0.997915          0    30.1758
         0          0          1          0
         0          0          0          1

scan_59 to scan_59 
1 0 0 0
0 1 0 0
0 0 1 0
0 0 0 1

scan_60 to scan_59
 0.992239 -0.124347         0    -8.655
 0.124347  0.992239         0    25.602
        0         0         1         0
        0         0         0         1

scan_61 to scan_59
  0.995479 -0.0949876          0   -13.6664
 0.0949876   0.995479          0    56.0209
         0          0          1          0
         0          0          0          1

scan_62 to scan_59
  0.999772 -0.0213347          0   -18.9518
 0.0213347   0.999772          0    82.2716
         0          0          1          0
         0          0          0          1

scan_63 to scan_59
 0.997766 -0.066799         0  -29.3373
 0.066799  0.997766         0   128.541
        0         0         1         0
        0         0         0         1

scan_64 to scan_59
-0.109988 -0.993933         0  -61.3186
 0.993933 -0.109988         0   160.844
        0         0         1         0
        0         0         0         1

scan_65 to scan_59
-0.147336 -0.989086         0  -93.9705
 0.989086 -0.147336         0    153.76
        0         0         1         0
        0         0         0         1

scan_66 to scan_59
-0.128651  -0.99169         0  -124.498
  0.99169 -0.128651         0    146.76
        0         0         1         0
        0         0         0         1

scan_67 to scan_59
-0.017279 -0.999851         0  -145.727
 0.999851 -0.017279         0   141.903
        0         0         1         0
        0         0         0         1

scan_68 to scan_59
-0.0963072  -0.995352          0   -164.706
  0.995352 -0.0963072          0    138.024
         0          0          1          0
         0          0          0          1

scan_69 to scan_59
-0.0369317  -0.999318          0   -196.388
  0.999318 -0.0369317          0    130.493
         0          0          1          0
         0          0          0          1

scan_70 to scan_59
-0.0650647  -0.997881          0   -220.267
  0.997881 -0.0650647          0    125.071
         0          0          1          0
         0          0          0          1

scan_71 to scan_59
-0.269241 -0.963073         0   -239.34
 0.963073 -0.269241         0    122.41
        0         0         1         0
        0         0         0         1

scan_72 to scan_59
-0.989185  0.146672         0  -230.802
-0.146672 -0.989185         0    98.707
        0         0         1         0
        0         0         0         1

scan_73 to scan_59
-0.988763   0.14949         0   -225.02
 -0.14949 -0.988763         0    69.762
        0         0         1         0
        0         0         0         1

scan_74 to scan_59
-0.983981  0.178272         0  -218.867
-0.178272 -0.983981         0   39.2398
        0         0         1         0
        0         0         0         1

scan_75 to scan_59
-0.985052  0.172256         0   -213.95
-0.172256 -0.985052         0   13.6443
        0         0         1         0
        0         0         0         1

scan_76 to scan_59
-0.998135 0.0610373         0  -209.343
-0.0610373 -0.998135         0  -8.16399
        0         0         1         0
        0         0         0         1

scan_77 to scan_59
-0.988373  0.152049         0  -201.732
-0.152049 -0.988373         0  -42.8571
        0         0         1         0
        0         0         0         1

scan_78 to scan_59
-0.993685  0.112201         0  -192.317
-0.112201 -0.993685         0  -86.1601
        0         0         1         0
        0         0         0         1

scan_79 to scan_59
-0.990165 -0.139902         0  -185.101
 0.139902 -0.990165         0  -121.505
        0         0         1         0
        0         0         0         1

scan_80 to scan_59
0.0704855  0.997513         0   -171.44
-0.997513 0.0704855         0  -119.561
        0         0         1         0
        0         0         0         1

scan_81 to scan_59
0.106856 0.994274        0 -153.093
-0.994274 0.106856        0  -114.94
       0        0        1        0
       0        0        0        1

scan_82 to scan_59
0.129755 0.991546        0  -129.07
-0.991546 0.129755        0 -108.869
       0        0        1        0
       0        0        0        1

scan_83 to scan_59
0.0864422  0.996257         0  -110.137
-0.996257 0.0864422         0  -104.709
        0         0         1         0
        0         0         0         1

